2101 460 
387 0 
331 0 
305 300 
311 686 
872 186 
1699 0 
1840 1414 
1236 1240 
86 61 
1549 0 
1860 1553 
1423 1008 
213 130 
766 0 
0 0 
1127 1608 
46 0 
1621 1205 
1690 943 
2689 1634 
780 1080 
1390 1031 
1573 1333 
652 168 
198 148 
1582 1199 
389 0 
983 1014 
1810 79 
301 509 
160 0 
1003 1126 
1403 971 
1225 88 
287 257 
669 0 
708 93 
90 0 
2285 611 
358 262 
527 561 
2743 728 
1851 1139 
2397 1837 
1439 1016 
905 750 
0 0 
1560 521 
180 113 
1478 1844 
1353 614 
2854 2007 
397 444 
1260 0 
2469 231 
1137 1418 
485 376 
1425 163 
117 17 
2097 218 
1589 1208 
618 867 
81 0 
2186 1988 
223 91 
1025 478 
98 0 
1280 0 
1785 816 
1279 1356 
537 432 
1806 1577 
1599 1532 
1824 1926 
1864 1094 
363 0 
450 0 
1141 0 
150 428 
1510 0 
1553 271 
1414 225 
539 676 
2136 52 
2008 834 
1314 1631 
128 196 
26 268 
478 368 
1497 212 
191 89 
1511 1404 
0 0 
83 0 
763 716 
428 206 
1499 686 
1114 1167 
144 165 
1320 1340 
1266 753 
874 1165 
2630 1599 
713 1213 
1063 1309 
0 0 
1041 615 
837 643 
1548 0 
232 481 
1804 1496 
487 933 
294 456 
2038 444 
1030 1130 
1628 1241 
1020 1531 
959 0 
685 1155 
103 129 
1249 0 
958 1413 
109 339 
1959 1565 
645 669 
468 0 
811 912 
1547 1081 
627 582 
52 0 
835 1177 
1327 1134 
1944 1831 
2498 1160 
544 678 
1757 2281 
1183 881 
2445 1026 
1556 96 
190 667 
403 589 
683 305 
1362 0 
44 417 
23 0 
1982 1479 
1576 0 
730 0 
516 541 
1188 99 
423 0 
892 570 
1345 229 
1887 1786 
1669 1192 
1587 1818 
1555 84 
592 280 
847 774 
930 497 
500 268 
1866 861 
0 0 
436 942 
1369 1427 
241 0 
1331 0 
1073 821 
818 79 
990 1124 
1540 1799 
29 154 
204 138 
150 35 
941 212 
304 407 
2258 1072 
86 0 
1811 1292 
2429 0 
1729 1621 
902 565 
2079 1524 
158 182 
2497 1158 
2455 1517 
1630 265 
6 83 
207 63 
1123 1229 
2089 1049 
1850 1302 
128 264 
2380 341 
250 585 
1715 148 
1362 1161 
2417 1211 
993 0 
1898 30 
1937 474 
307 217 
1113 1329 
2574 1565 
2050 179 
1853 839 
925 155 
2227 1205 
789 91 
1644 385 
1925 1718 
596 639 
849 0 
1469 1486 
411 114 
1451 1013 
2069 249 
50 0 
34 69 
1999 1455 
2153 682 
1905 587 
460 622 
1994 1222 
1693 351 
1146 128 
1766 270 
728 1318 
76 264 
159 93 
1300 1555 
2143 389 
2505 1107 
439 0 
901 0 
195 211 
520 511 
2193 2185 
507 301 
289 931 
2227 596 
557 0 
459 256 
260 0 
746 348 
1202 611 
304 0 
916 1163 
1100 840 
1161 695 
1122 623 
827 414 
954 761 
522 0 
360 680 
0 92 
0 53 
1466 0 
1313 635 
0 52 
1689 1013 
920 0 
691 0 
1618 1328 
2050 209 
1135 0 
316 0 
1208 21 
621 0 
1582 2048 
96 0 
2009 802 
583 447 
434 0 
795 1259 
300 393 
521 769 
952 183 
567 209 
2023 1396 
787 0 
1217 480 
420 187 
1867 755 
778 673 
1619 947 
1300 501 
1789 1397 
1149 1551 
2582 1334 
1994 1083 
1692 1082 
1687 28 
592 259 
495 158 
277 375 
398 0 
1655 1460 
266 212 
1669 1267 
0 0 
2287 1549 
1301 83 
153 62 
618 516 
2225 445 
2147 969 
543 0 
632 701 
1627 1177 
2012 1558 
1614 265 
684 661 
2218 285 
1150 1051 
321 28 
917 256 
721 924 
320 701 
639 79 
1528 0 
1970 668 
172 82 
1791 1107 
490 1069 
0 0 
415 391 
703 346 
388 88 
1803 414 
2159 0 
1534 912 
625 0 
543 443 
189 0 
1154 196 
1823 1214 
2097 1416 
593 393 
958 948 
194 0 
584 0 
98 97 
221 283 
162 226 
347 426 
150 331 
2007 1291 
3069 912 
1897 307 
325 88 
551 354 
2357 1055 
2162 488 
676 0 
2543 1558 
52 145 
1545 1189 
1281 618 
609 473 
1173 1493 
149 59 
253 315 
892 1080 
2698 1932 
1904 1527 
791 0 
1669 1866 
1135 867 
1639 493 
1298 219 
191 0 
1479 798 
0 0 
1484 1428 
1314 0 
692 630 
1763 1364 
1137 885 
1784 1114 
2829 332 
246 683 
1455 441 
2133 633 
2068 619 
788 1502 
1017 1653 
201 346 
1911 1576 
2887 1997 
1732 293 
257 144 
2002 778 
840 517 
307 0 
0 0 
2419 0 
24 0 
2568 1095 
144 174 
7 250 
497 712 
0 0 
1552 319 
1742 639 
220 0 
1605 407 
614 596 
337 762 
2580 619 
0 112 
305 99 
26 21 
2893 504 
1500 1245 
2084 1444 
928 487 
2413 172 
1735 1354 
1814 829 
741 720 
823 1454 
631 374 
509 122 
971 1136 
1805 408 
321 308 
1103 348 
1053 0 
160 219 
131 501 
250 367 
1934 449 
1614 905 
918 0 
351 24 
129 546 
1382 0 
894 754 
1267 879 
252 349 
621 499 
735 62 
218 116 
94 166 
575 0 
378 0 
70 95 
1630 0 
339 518 
1529 92 
375 141 
269 769 
1131 714 
533 1245 
623 180 
1428 121 
461 302 
243 227 
1328 1374 
1831 891 
1545 1728 
708 562 
65 299 
194 0 
821 1484 
2000 931 
1414 1339 
559 630 
582 768 
1928 1393 
1424 0 
546 986 
1813 0 
684 537 
1055 37 
453 0 
59 315 
577 560 
1250 1819 
1879 837 
2218 155 
135 390 
402 314 
1864 80 
32 211 
1233 494 
385 294 
175 739 
645 405 
1029 0 
281 0 
1188 851 
2061 655 
1524 1330 
2380 741 
3 0 
1099 1205 
805 580 
1656 967 
771 636 
1554 552 
234 179 
2391 1760 
88 29 
683 648 
92 334 
1068 247 
1565 1088 
1508 218 
124 0 
1603 1515 
1015 812 
476 241 
970 844 
447 405 
984 604 
1775 1543 
0 101 
530 791 
1300 0 
1473 478 
1683 1151 
1545 648 
32 0 
69 171 
440 158 
1361 115 
2020 88 
279 179 
999 1214 
37 0 
234 78 
1623 730 
817 306 
675 0 
1396 1093 
0 0 
1411 1424 
93 0 
496 619 
986 976 
1692 1311 
1340 625 
1895 1302 
2258 1032 
824 773 
22 0 
1107 1137 
1546 331 
909 0 
1920 1168 
260 0 
595 0 
1511 1724 
2449 1955 
317 118 
2114 1124 
627 322 
1265 1367 
1254 400 
69 0 
154 598 
1246 866 
889 1381 
1523 0 
2247 1672 
670 959 
357 441 
1050 1062 
1280 192 
635 909 
2227 224 
1578 1258 
483 1057 
1120 936 
300 0 
1503 2082 
2241 1601 
1823 1703 
1417 1100 
853 864 
1941 114 
1192 832 
584 662 
1245 1061 
277 229 
1567 227 
888 0 
1318 884 
1188 888 
2008 791 
1255 2228 
1009 0 
2040 141 
1328 1878 
1858 1525 
2013 1516 
543 815 
437 0 
847 1233 
1284 0 
2400 1109 
0 0 
1867 1827 
527 855 
268 140 
226 299 
2221 486 
1576 1088 
625 587 
1817 216 
1675 764 
102 219 
1927 1200 
599 753 
1160 0 
1070 1079 
1563 0 
656 256 
693 0 
1907 851 
1578 975 
2446 1697 
1654 1418 
2353 444 
421 1014 
186 36 
373 225 
577 132 
2005 1135 
87 0 
2139 406 
1610 804 
1022 155 
117 0 
927 749 
720 398 
168 0 
1250 829 
0 66 
900 771 
1080 660 
871 66 
1220 742 
776 620 
161 84 
1344 0 
413 238 
2095 1510 
806 808 
287 644 
2049 79 
304 172 
183 207 
1869 427 
752 552 
135 222 
2791 828 
2251 1705 
1103 565 
742 533 
1168 847 
802 559 
1155 0 
601 0 
1903 723 
847 0 
59 95 
955 879 
658 590 
283 466 
659 469 
1457 1120 
2316 238 
328 0 
1585 1661 
1111 486 
354 91 
532 0 
880 951 
466 0 
0 0 
25 0 
301 605 
135 406 
265 155 
920 502 
1830 1857 
962 358 
1701 542 
1407 1458 
1039 1407 
1704 665 
1299 1084 
1462 1694 
1004 637 
331 0 
2188 0 
1441 655 
174 223 
364 615 
0 0 
1126 1439 
1220 1445 
919 647 
681 1102 
873 0 
1644 1290 
504 264 
1028 99 
303 369 
2182 1520 
511 744 
160 277 
527 658 
2438 1732 
1346 1166 
1181 927 
1169 503 
525 471 
1503 183 
2459 910 
506 0 
2149 1538 
1509 0 
643 0 
89 0 
701 0 
2082 1522 
100 45 
997 294 
565 1413 
940 0 
2046 726 
1140 912 
1623 469 
842 468 
1148 1286 
2062 1203 
1445 0 
1384 992 
1139 0 
1362 186 
1257 1263 
1836 881 
2540 170 
1248 365 
1188 728 
620 534 
732 97 
1287 336 
382 308 
1024 934 
1863 1788 
1868 1122 
125 57 
2348 2540 
1716 539 
2063 158 
617 586 
1662 1600 
1257 909 
701 96 
1846 1746 
221 102 
1043 1257 
1987 0 
1485 1069 
310 711 
1193 849 
1662 889 
2161 1216 
453 477 
1194 163 
1443 1746 
1078 787 
2695 697 
993 629 
405 930 
981 314 
341 66 
454 0 
947 651 
755 759 
188 260 
2103 732 
935 0 
637 0 
545 362 
463 282 
839 619 
951 520 
802 0 
774 302 
868 267 
1102 335 
806 484 
775 0 
1806 1725 
1213 0 
59 0 
2353 1595 
1823 651 
2424 1217 
1459 568 
52 95 
1913 1117 
430 0 
1152 692 
528 236 
557 293 
2354 73 
2265 908 
287 106 
1859 1559 
95 85 
277 89 
1193 0 
1275 865 
444 446 
1188 35 
389 675 
2147 575 
754 485 
823 1397 
1666 225 
1947 179 
772 0 
1611 1280 
2226 1443 
1496 596 
1136 811 
343 813 
746 477 
1438 299 
1033 1097 
435 416 
1121 1054 
3020 858 
329 374 
1059 1005 
1548 1300 
1664 1049 
1120 1319 
408 136 
2341 1787 
590 669 
2706 1366 
1317 593 
2112 1654 
1310 1176 
559 637 
757 0 
1257 1009 
2232 428 
1438 664 
2159 716 
974 0 
1301 2059 
1656 198 
522 841 
563 117 
1323 1868 
2143 349 
415 1100 
496 0 
827 750 
389 254 
2151 518 
2491 1665 
956 1618 
1193 732 
1004 1409 
187 73 
718 1295 
1241 0 
326 0 
1219 83 
1807 0 
1259 450 
1003 362 
817 747 
1012 31 
857 589 
0 0 
751 798 
1884 2088 
266 172 
832 796 
868 529 
1360 760 
2484 764 
659 1257 
1618 1157 
1671 934 
2645 1028 
2306 635 
885 192 
2204 800 
2013 926 
1635 409 
1714 1585 
2333 740 
1715 0 
2263 1571 
254 296 
111 127 
905 0 
231 0 
2393 560 
394 820 
1212 0 
235 310 
1717 772 
1848 1165 
595 0 
112 99 
368 0 
112 357 
1251 296 
2174 931 
1583 784 
224 220 
1927 1371 
947 570 
734 1308 
675 415 
1774 0 
1235 600 
278 253 
871 1170 
1068 609 
502 1077 
2347 976 
2556 1257 
678 75 
290 461 
2243 0 
456 532 
788 0 
1113 1102 
1223 1319 
0 66 
84 0 
2276 1171 
358 319 
616 782 
124 80 
537 0 
888 984 
314 293 
237 182 
1352 1495 
1107 1475 
1174 0 
0 0 
723 718 
2597 724 
497 0 
2213 102 
1531 939 
1098 1065 
254 206 
13 380 
1795 562 
1051 901 
483 232 
830 672 
791 767 
0 4 
1125 1576 
1707 1067 
1732 989 
652 535 
1181 1120 
2069 0 
20 125 
610 433 
2271 1433 
2337 958 
491 293 
1039 101 
977 1415 
450 455 
1478 1499 
1714 0 
327 790 
231 636 
553 715 
546 86 
1671 876 
947 755 
666 0 
1607 279 
1975 1399 
237 184 
2299 510 
1774 1134 
620 422 
1011 0 
1245 838 
1713 1735 
1397 174 
2402 1420 
2047 1363 
1359 649 
406 455 
704 571 
625 0 
2542 1539 
971 1630 
1755 243 
1585 0 
568 757 
1254 0 
668 471 
551 407 
1817 2165 
776 683 
891 0 
1997 1643 
1361 0 
1006 1070 
1481 1208 
2015 1378 
1155 783 
2184 0 
912 1022 
1226 599 
0 0 
121 80 
1584 0 
0 173 
0 23 
1653 0 
1008 1779 
1511 1513 
1347 241 
506 787 
1685 745 
2163 1599 
660 558 
0 72 
1428 0 
2049 794 
1942 1507 
423 836 
1383 2390 
140 26 
151 261 
1635 1001 
238 368 
1411 2013 
701 743 
1478 44 
1154 1392 
859 474 
1973 1014 
98 114 
2574 708 
2252 264 
553 338 
1050 789 
67 124 
1542 1043 
1538 917 
0 0 
343 0 
2040 2277 
552 98 
2108 188 
741 924 
308 0 
199 0 
747 695 
928 981 
1349 630 
307 316 
991 1109 
2463 1871 
933 1058 
129 249 
2215 356 
1239 780 
0 0 
1843 239 
881 0 
2117 696 
51 23 
1040 0 
1043 2043 
1024 0 
1530 0 
18 0 
182 242 
1201 1293 
84 68 
2027 1427 
433 0 
383 357 
961 668 
1843 1239 
116 322 
1238 617 
748 625 
701 685 
799 0 
1758 1096 
0 5 
2204 0 
628 0 
389 228 
722 725 
1867 2335 
1300 0 
1262 1480 
589 433 
911 707 
705 581 
801 0 
1294 933 
260 210 
1651 703 
1652 96 
0 0 
1125 950 
134 0 
0 0 
2237 1225 
2691 1554 
659 585 
2024 310 
1147 1678 
369 15 
804 1099 
1113 0 
382 589 
1108 0 
954 0 
1661 1178 
432 802 
1978 1775 
453 407 
937 677 
1980 1924 
1822 1996 
628 390 
1216 0 
1019 1151 
1391 1819 
1755 1001 
56 0 
2214 182 
476 249 
0 0 
1520 657 
917 1405 
2539 1454 
1987 898 
92 177 
1001 338 
1890 738 
2447 1343 
787 589 
2214 96 
674 866 
1754 1266 
751 625 
1844 1615 
101 0 
1440 2178 
2605 1354 
499 847 
589 105 
294 0 
1701 310 
2656 1905 
656 923 
849 0 
337 417 
1271 347 
593 442 
115 88 
647 393 
2317 723 
76 270 
567 0 
1234 654 
2231 1131 
1151 1226 
729 626 
1223 1354 
977 162 
605 304 
1332 1223 
103 177 
1388 1179 
1469 1880 
749 486 
1980 82 
2207 1381 
2531 1445 
1196 297 
643 1107 
401 0 
852 526 
1027 496 
759 183 
1261 747 
507 752 
522 0 
1194 1068 
1680 189 
384 0 
366 0 
287 0 
847 0 
907 1286 
2055 2118 
1951 925 
64 0 
1257 1274 
297 48 
2145 353 
324 243 
1836 951 
701 427 
1283 382 
1345 97 
1452 829 
1334 1811 
805 659 
1095 1361 
410 543 
1251 817 
839 332 
976 505 
1083 81 
1505 0 
2007 1273 
851 0 
887 1131 
3331 373 
437 437 
815 0 
2317 1873 
0 50 
330 60 
403 114 
109 0 
1247 744 
477 732 
1033 0 
178 306 
1267 1440 
2617 1032 
717 195 
1755 0 
435 163 
2210 194 
792 868 
182 121 
1489 1592 
479 477 
1210 756 
2237 744 
1333 884 
1198 257 
1383 799 
159 0 
2078 403 
1425 199 
544 431 
1055 451 
1272 1081 
2127 1525 
1104 720 
707 863 
1416 1906 
1489 1261 
1313 1813 
464 182 
245 105 
1481 74 
910 0 
1017 837 
0 0 
1034 1646 
536 539 
968 990 
628 0 
913 1331 
0 0 
1250 583 
534 0 
2178 860 
763 0 
260 0 
1304 0 
927 0 
65 0 
1527 1033 
288 325 
2496 480 
1279 0 
449 576 
899 834 
1270 456 
1963 1153 
1971 1521 
2089 0 
2322 51 
2579 635 
1300 1690 
1274 2859 
889 0 
97 0 
2011 700 
2191 358 
1792 1413 
0 0 
1752 835 
1621 1108 
699 0 
1865 699 
1224 820 
67 270 
765 1050 
1139 1244 
1 176 
88 0 
0 0 
2244 1579 
72 145 
713 713 
1592 1203 
90 355 
169 305 
2165 1634 
0 0 
73 0 
1178 1500 
1987 1006 
93 59 
932 299 
1310 1769 
361 624 
1354 1211 
442 0 
2148 1188 
1521 1558 
892 1031 
0 0 
720 461 
143 371 
0 0 
1551 626 
1211 113 
556 736 
521 75 
1029 404 
1325 698 
422 383 
2534 1169 
347 439 
137 260 
223 0 
1506 1268 
1905 21 
278 462 
356 430 
1325 810 
1503 667 
2841 643 
1268 1459 
2263 2031 
2355 788 
1343 1088 
821 141 
1986 52 
529 728 
107 0 
468 0 
832 0 
2227 359 
738 0 
1543 205 
1422 955 
787 287 
1444 380 
1861 275 
1577 1133 
362 568 
1558 1682 
934 1111 
2346 1801 
938 1081 
0 64 
604 942 
1099 88 
971 973 
356 4 
259 744 
1951 1095 
1065 1310 
1937 1981 
2010 1834 
1462 0 
600 688 
100 129 
555 0 
1405 352 
1144 0 
106 55 
799 1051 
1709 896 
1235 1000 
1912 66 
31 34 
63 0 
855 29 
85 0 
2102 544 
303 246 
53 334 
824 956 
422 632 
320 237 
615 552 
987 1300 
91 101 
28 146 
588 457 
2469 979 
3 268 
937 838 
104 349 
483 506 
1119 90 
536 0 
794 900 
123 579 
707 84 
2268 218 
1970 1561 
134 294 
551 937 
2591 923 
693 0 
467 751 
407 466 
2090 1791 
1138 794 
1213 1227 
1220 134 
743 1203 
376 77 
1839 1232 
239 0 
838 460 
433 259 
76 0 
1248 284 
1061 1398 
2101 411 
0 29 
1132 2137 
463 720 
581 649 
144 0 
671 0 
1275 0 
535 275 
1677 0 
1814 253 
178 230 
791 130 
146 66 
1647 0 
1006 0 
539 724 
1225 1026 
1824 146 
689 847 
247 349 
2243 103 
501 403 
1243 1044 
287 0 
1718 92 
716 1380 
398 0 
94 653 
763 507 
768 0 
226 483 
160 658 
416 509 
2142 808 
0 164 
2601 679 
678 553 
707 950 
927 269 
1120 0 
1364 1264 
501 310 
1373 1135 
666 510 
2421 1937 
85 335 
1999 1415 
688 936 
1864 984 
53 191 
940 547 
2700 1741 
1003 943 
759 95 
591 671 
523 449 
725 906 
1429 879 
1620 430 
1828 1255 
1414 924 
519 139 
280 454 
0 53 
205 146 
1704 1304 
503 0 
1356 757 
830 964 
683 0 
873 438 
66 438 
1431 0 
2179 489 
2579 379 
160 130 
2215 235 
1571 47 
942 807 
1890 0 
565 414 
837 485 
213 270 
1367 1650 
2016 1293 
263 205 
785 0 
0 51 
1832 1588 
0 0 
1579 1702 
594 511 
672 900 
750 508 
2241 955 
351 652 
443 121 
353 655 
690 0 
828 1493 
899 295 
1182 1288 
1922 1189 
2774 1112 
153 87 
497 680 
990 1274 
9 424 
1305 990 
602 559 
1180 0 
828 829 
847 1143 
1986 0 
815 1087 
1156 990 
387 308 
1650 170 
453 333 
1478 818 
187 63 
960 0 
1002 0 
59 93 
1213 653 
1348 0 
309 771 
876 0 
1861 1365 
926 533 
857 1145 
1664 1009 
1006 650 
1829 1681 
320 0 
681 0 
956 795 
975 400 
2150 1036 
689 1093 
2696 699 
1993 1856 
24 0 
946 1478 
355 588 
2717 1438 
0 0 
496 492 
1224 818 
2103 175 
546 424 
374 200 
2081 986 
2306 640 
1211 1689 
1608 251 
1335 317 
1787 966 
1946 87 
1123 678 
182 94 
2387 2112 
1427 0 
21 278 
706 373 
1935 1304 
1871 1566 
94 88 
1174 836 
1190 655 
1001 811 
1990 1689 
1917 1752 
1607 668 
950 773 
45 23 
1029 549 
294 136 
1729 58 
1908 1838 
1675 1319 
698 604 
110 362 
2668 1329 
332 575 
531 680 
1711 620 
226 207 
1435 88 
4 76 
1690 624 
2121 1514 
785 1055 
1475 286 
2687 1494 
297 946 
2003 1829 
190 318 
0 85 
1968 1710 
774 0 
1566 393 
1827 0 
0 0 
295 615 
765 0 
0 0 
690 1237 
1780 0 
447 593 
183 102 
2074 1801 
487 521 
1107 1476 
330 0 
2231 898 
769 588 
1237 1347 
1189 1018 
1580 1670 
631 89 
1378 1204 
1288 0 
971 306 
1383 843 
629 540 
2625 1750 
485 334 
1572 1302 
398 552 
1290 0 
1451 2091 
344 191 
2003 758 
1827 1116 
976 951 
488 623 
1222 1457 
2380 1450 
2452 97 
2341 1464 
793 0 
2513 1082 
647 0 
974 867 
1317 117 
1971 1316 
1498 734 
621 312 
1598 1179 
69 89 
942 430 
8 45 
1001 1385 
1248 0 
140 0 
1311 1143 
135 0 
998 0 
1358 1443 
350 0 
1408 1535 
946 938 
628 946 
0 0 
913 734 
330 354 
1349 1307 
499 457 
1382 1111 
664 100 
398 0 
2791 1368 
76 40 
572 0 
1533 944 
1440 1153 
296 192 
1620 1610 
2014 1538 
307 444 
126 71 
2193 1534 
0 0 
1973 1451 
2244 1777 
82 0 
290 479 
232 0 
1715 0 
1090 874 
1884 1650 
713 934 
2520 1902 
75 229 
322 765 
1400 482 
1734 1322 
2093 1408 
1594 73 
460 289 
796 1814 
93 179 
241 375 
223 0 
61 222 
0 0 
928 779 
1330 803 
1815 837 
1585 1439 
778 471 
180 217 
68 264 
525 611 
611 598 
1316 201 
1798 170 
2466 2174 
2782 1520 
75 206 
1139 1002 
700 146 
353 0 
707 0 
41 0 
1409 1954 
787 0 
1764 1008 
139 544 
526 638 
858 594 
0 86 
630 254 
1330 1304 
2205 820 
175 25 
1715 181 
1743 0 
145 0 
1228 1226 
269 217 
2281 1651 
2140 275 
2659 1105 
636 1499 
385 269 
982 674 
1789 2462 
1738 1405 
494 628 
1748 1250 
315 364 
563 624 
0 0 
1591 1359 
1235 642 
1749 407 
963 0 
462 536 
231 289 
0 0 
1786 1732 
0 418 
0 0 
470 462 
1600 1619 
716 678 
927 1250 
2144 644 
1250 723 
1595 188 
793 866 
2326 2369 
1825 496 
1385 1101 
53 158 
249 337 
713 194 
244 225 
677 251 
1168 1170 
1421 1820 
1062 1151 
2180 267 
965 1192 
1093 794 
318 0 
0 0 
518 0 
2239 1419 
603 521 
2550 1671 
1450 1974 
2130 1609 
1277 0 
1074 115 
1508 1530 
1397 753 
775 0 
501 527 
890 462 
158 247 
0 51 
196 0 
1321 992 
1207 0 
1615 1384 
1886 1496 
306 642 
228 0 
7 130 
334 0 
163 380 
415 888 
1119 1142 
310 499 
40 37 
1338 1708 
1470 1152 
1842 1342 
1018 492 
1798 1336 
2115 1166 
410 498 
426 639 
169 0 
266 0 
465 0 
1976 281 
2751 1022 
143 430 
181 129 
185 326 
269 707 
1607 1616 
2296 130 
1137 979 
1112 479 
1622 1791 
232 0 
1438 769 
1926 194 
169 313 
1294 1122 
1929 1138 
1619 1681 
913 793 
2517 2454 
2194 1746 
1153 0 
1357 830 
795 0 
0 74 
251 153 
866 1312 
1207 1011 
1121 4 
1795 911 
1458 601 
0 0 
429 738 
1452 0 
821 874 
582 179 
1166 1138 
2770 776 
2459 346 
2094 1499 
0 0 
1276 1033 
1133 951 
2054 835 
865 507 
731 0 
194 818 
164 392 
396 92 
326 217 
1229 100 
376 0 
2247 1705 
2434 1418 
1630 339 
1269 1118 
2046 827 
1789 235 
396 186 
871 844 
0 0 
1809 89 
1878 1674 
1034 506 
567 946 
2739 565 
2318 1638 
990 369 
1226 999 
2961 1430 
156 343 
1261 1731 
1128 812 
436 473 
1145 1031 
959 802 
2021 1491 
914 626 
347 0 
0 0 
193 412 
2233 1691 
0 0 
507 603 
1144 494 
775 505 
363 268 
1768 1935 
416 207 
1288 1892 
705 967 
1770 552 
2447 1218 
264 0 
188 643 
114 303 
1062 1338 
1003 677 
1433 11 
227 343 
1809 1027 
1705 2437 
2613 1236 
24 121 
644 680 
2165 1288 
783 1124 
417 590 
929 810 
1210 1267 
910 889 
1932 2047 
2057 189 
1358 835 
1139 1322 
244 81 
733 1463 
1115 0 
590 417 
201 92 
72 0 
1694 1151 
464 944 
74 100 
1943 2105 
2036 1154 
336 501 
2327 809 
742 0 
1078 765 
2093 370 
1254 2207 
1840 1703 
1452 289 
309 584 
624 361 
480 175 
2081 125 
177 87 
1693 556 
2146 177 
2198 492 
586 516 
327 275 
1641 1964 
1289 704 
828 0 
468 632 
1205 179 
1189 1033 
1836 1455 
2154 0 
2099 1101 
2046 686 
96 0 
536 859 
750 0 
1300 1360 
738 1000 
2325 479 
1375 839 
991 1006 
466 328 
84 90 
802 390 
544 400 
334 110 
451 681 
2672 1329 
674 555 
752 503 
141 59 
249 0 
1775 1209 
795 1245 
775 465 
416 0 
1275 1381 
2072 1271 
329 269 
1872 494 
2319 1501 
2414 1640 
2710 1015 
2122 1839 
1708 360 
1269 1179 
2369 892 
1797 235 
0 0 
1975 1516 
183 351 
311 319 
863 528 
0 0 
1122 1760 
2692 1338 
2303 293 
2598 452 
2447 1237 
975 0 
2172 610 
1259 1462 
810 1362 
1477 849 
744 551 
128 101 
4 0 
1352 0 
1030 1027 
1764 2076 
1605 1697 
467 516 
616 918 
0 39 
1272 855 
1629 304 
999 970 
1225 1781 
691 517 
1173 157 
220 148 
1011 792 
34 0 
1239 1656 
944 1315 
1430 1153 
143 40 
1462 1185 
1986 85 
1026 118 
815 978 
0 0 
695 0 
1282 1360 
156 219 
678 878 
1317 133 
446 239 
1942 1751 
0 99 
522 887 
1178 820 
560 893 
2361 1241 
1100 0 
114 101 
619 846 
301 21 
1346 0 
763 480 
798 609 
419 60 
2407 1300 
1895 329 
1657 0 
2132 1015 
1571 888 
1733 2155 
282 402 
0 0 
1011 339 
1325 1555 
1876 747 
1004 7 
123 0 
1155 647 
603 730 
2519 618 
0 0 
1003 0 
195 80 
947 0 
774 739 
1343 97 
2275 482 
927 1234 
674 370 
1394 139 
765 458 
1064 54 
1990 246 
2505 1484 
728 607 
1486 168 
1403 163 
1694 2306 
2693 2081 
1690 1577 
1638 696 
2221 469 
87 279 
1976 1764 
532 0 
2039 1622 
983 0 
163 0 
607 181 
931 828 
2142 1925 
1520 1061 
857 1238 
1902 1413 
1830 259 
1970 1619 
1152 997 
953 1534 
399 325 
1719 1457 
1362 578 
1796 1813 
1127 1206 
1627 15 
864 608 
712 0 
1177 943 
2578 1928 
1892 1748 
1374 1050 
1119 0 
2419 79 
677 291 
45 105 
147 0 
157 104 
1152 0 
1776 1426 
1568 167 
1370 623 
366 0 
464 199 
1825 88 
2125 1389 
551 352 
1191 228 
527 231 
1675 1873 
2228 1084 
962 1096 
1897 1397 
1382 683 
729 626 
791 380 
2011 850 
721 631 
546 0 
427 46 
591 404 
1591 1195 
272 877 
1968 1558 
593 240 
727 155 
599 851 
2214 1856 
1198 0 
1322 314 
1890 74 
672 260 
2082 1037 
1616 350 
1269 1654 
1189 158 
1297 1039 
570 240 
1817 762 
739 843 
2260 678 
1973 927 
1730 1104 
854 272 
213 0 
967 977 
817 539 
2031 1222 
893 684 
805 316 
1552 1196 
250 266 
1295 1574 
552 0 
2481 214 
1056 1308 
522 0 
469 0 
1357 69 
464 397 
1162 251 
2025 1036 
1643 1402 
2317 906 
1949 271 
610 963 
1872 1776 
120 114 
345 0 
1275 1455 
1390 1241 
605 188 
299 347 
1911 1324 
1519 0 
112 35 
99 355 
188 399 
2397 764 
2168 861 
2063 1299 
2178 770 
917 325 
1886 1521 
1890 543 
2477 1725 
1863 1106 
576 0 
1393 1618 
1739 846 
1911 1654 
1956 1429 
1086 0 
589 447 
510 415 
1916 1872 
1234 0 
1119 0 
1849 277 
1360 1050 
650 71 
2045 603 
2264 1227 
866 317 
1441 238 
757 381 
995 0 
1477 1267 
1549 1957 
1798 1944 
2107 1572 
1440 0 
1258 1937 
834 986 
183 0 
2350 357 
1363 551 
0 0 
779 331 
2360 1804 
1196 1091 
2260 85 
2138 184 
173 78 
76 87 
2466 331 
690 282 
1863 256 
1009 0 
1857 159 
27 185 
185 43 
1740 730 
1571 1882 
1617 1602 
3334 895 
837 978 
276 0 
75 98 
101 103 
379 160 
178 180 
394 171 
611 245 
634 352 
510 448 
1782 1506 
153 93 
1207 1215 
2336 1371 
431 346 
1381 481 
426 0 
2306 1880 
1463 2078 
469 0 
1090 1132 
2750 1880 
1672 1290 
1961 1745 
1268 137 
26 8 
90 100 
570 140 
272 252 
152 113 
1432 528 
667 629 
1654 1048 
70 0 
1062 365 
348 872 
1642 0 
123 264 
1235 825 
1789 389 
813 91 
246 196 
2691 827 
1549 945 
1802 551 
728 600 
1751 0 
1537 0 
1271 1302 
1038 278 
448 72 
944 1241 
36 0 
175 0 
1511 1840 
45 0 
668 809 
303 684 
0 200 
1213 1019 
677 392 
692 942 
1114 1134 
1229 1028 
376 126 
1448 1185 
677 1388 
103 349 
2208 1882 
2065 433 
1571 1353 
746 82 
882 919 
829 611 
719 767 
1380 508 
2014 743 
2624 1487 
1762 1773 
174 0 
1121 444 
461 128 
143 231 
1305 0 
14 0 
2793 1110 
855 679 
446 208 
1299 938 
708 1105 
1636 219 
896 0 
1839 1359 
59 98 
629 111 
1088 0 
110 40 
2146 46 
1333 1232 
1681 1833 
1173 1509 
1501 1192 
1029 535 
2075 98 
2742 1430 
202 91 
568 214 
2041 563 
851 0 
1375 1844 
646 0 
877 1023 
297 68 
431 173 
894 808 
1379 1194 
1240 1673 
1865 561 
1181 1048 
484 242 
1089 496 
8 125 
0 1 
157 43 
786 912 
0 5 
1031 872 
686 0 
1004 1369 
267 309 
1053 929 
1642 864 
536 209 
0 0 
1586 1792 
1690 23 
665 92 
1353 1317 
520 1022 
1299 1335 
66 7 
606 590 
104 98 
2160 643 
175 0 
2119 1641 
2076 1133 
1798 1083 
999 0 
1424 603 
644 859 
200 305 
316 299 
1784 879 
469 1659 
355 769 
1058 0 
586 0 
0 107 
0 0 
1889 1363 
1632 380 
2509 179 
808 517 
172 0 
1387 1495 
54 148 
1887 94 
308 112 
1507 894 
924 118 
1424 260 
1471 538 
277 120 
415 0 
591 0 
316 594 
2420 1246 
1426 376 
91 687 
1039 737 
860 0 
1777 438 
588 388 
737 984 
1712 1102 
1600 939 
1554 1069 
1570 1886 
1808 1750 
577 206 
968 0 
2223 381 
671 75 
1214 1408 
811 786 
2764 1221 
299 455 
739 606 
108 223 
970 172 
945 135 
1983 617 
773 658 
0 0 
1105 883 
1936 2017 
839 316 
63 0 
80 175 
1742 122 
855 1135 
420 595 
2237 467 
331 365 
1082 520 
75 0 
1200 1035 
2895 1013 
110 151 
2496 1435 
836 1267 
1339 1914 
2322 1651 
1856 126 
322 0 
474 0 
1790 1022 
863 121 
78 192 
1075 881 
64 99 
1242 2299 
2141 1103 
22 278 
1652 1269 
1186 2205 
1617 426 
1967 765 
933 881 
611 941 
837 0 
432 386 
1804 0 
391 102 
1861 2619 
1457 1098 
1072 1929 
2574 1489 
1384 1423 
1412 1923 
1461 802 
2163 92 
16 0 
519 0 
1596 203 
487 193 
1806 478 
340 0 
557 157 
350 194 
1924 1505 
2052 646 
327 241 
137 89 
549 643 
703 0 
1570 925 
725 0 
912 1052 
231 522 
480 0 
649 158 
1990 275 
1539 903 
1540 663 
138 277 
99 234 
1881 101 
33 168 
1651 959 
0 0 
2044 1853 
554 459 
1078 1317 
1671 1384 
0 0 
0 2 
1076 807 
1945 276 
602 454 
1740 1574 
322 263 
392 646 
1233 800 
2150 1513 
846 332 
2329 752 
1790 92 
940 229 
2349 661 
1315 724 
2171 596 
1634 1082 
604 0 
444 684 
2300 1018 
395 788 
1031 1011 
406 265 
555 361 
88 0 
845 0 
280 692 
1322 580 
1069 1072 
76 53 
1940 77 
1124 1302 
334 592 
373 0 
1159 1354 
732 929 
686 462 
0 0 
692 738 
1156 1076 
1038 930 
876 135 
597 596 
2060 445 
2364 1143 
37 56 
716 0 
950 0 
1638 1075 
2087 90 
575 80 
87 0 
360 488 
1107 655 
1137 972 
1290 250 
1557 119 
2073 943 
979 254 
0 0 
413 0 
2487 1121 
263 166 
949 0 
353 380 
1036 670 
476 0 
1831 1680 
1244 867 
773 951 
1902 418 
1243 100 
1805 0 
33 162 
1280 1851 
349 0 
1587 1548 
952 1049 
1354 1632 
1308 1430 
907 930 
1926 1881 
705 0 
1520 1166 
855 630 
1065 1066 
631 316 
2673 1112 
1487 1143 
1827 1767 
851 0 
2306 499 
579 0 
847 599 
682 540 
1701 1649 
598 497 
232 355 
2143 244 
1131 101 
1255 1309 
1811 290 
15 0 
841 0 
1571 934 
0 0 
1025 400 
574 292 
1075 288 
1494 612 
1488 85 
332 94 
1127 0 
1209 542 
711 267 
1977 1791 
1066 0 
1849 1533 
208 0 
1153 1546 
0 0 
1782 1221 
0 0 
1297 0 
0 0 
112 0 
1214 1860 
214 0 
1442 1131 
343 367 
2774 748 
1707 239 
1230 97 
1212 1236 
1669 1442 
790 0 
1713 850 
181 0 
1368 46 
1169 492 
816 1416 
911 601 
1856 167 
1778 1718 
1841 1088 
1799 1075 
1060 326 
1897 364 
905 956 
640 463 
202 85 
287 205 
1390 503 
598 518 
210 0 
2198 538 
729 0 
648 291 
656 510 
1029 506 
1247 961 
1805 1745 
1987 2507 
178 0 
536 0 
1409 1091 
2135 1299 
336 249 
735 253 
1480 645 
1313 1340 
142 314 
411 143 
4 0 
189 37 
193 453 
64 106 
641 1194 
1201 1057 
1819 101 
2052 443 
375 0 
2118 968 
1840 1965 
477 0 
1603 1164 
321 98 
2290 1427 
1288 1614 
1471 1337 
463 235 
896 802 
171 374 
1998 1731 
556 500 
108 14 
607 1176 
789 629 
385 141 
489 697 
1263 243 
2543 715 
1753 635 
418 66 
829 830 
2276 1805 
1277 1119 
1425 0 
1146 0 
1433 502 
1075 535 
424 270 
1258 1463 
1989 52 
995 732 
266 271 
152 0 
115 119 
1087 0 
2313 259 
146 0 
80 106 
1202 1444 
26 0 
1789 2012 
924 753 
1854 2016 
226 548 
291 96 
1963 1344 
1280 1049 
0 0 
814 0 
1839 99 
1595 1177 
135 0 
1718 1170 
1906 0 
389 474 
1973 1995 
112 387 
1514 1229 
1510 630 
256 0 
582 0 
1741 1730 
949 0 
1458 92 
580 925 
780 683 
273 68 
555 375 
190 0 
2215 95 
665 0 
1097 883 
140 0 
1522 1094 
2425 1588 
1043 1474 
2926 875 
922 692 
817 0 
1193 90 
72 156 
1708 1235 
1624 0 
2572 1636 
1841 1569 
2696 1345 
800 567 
1703 573 
1829 124 
1393 338 
1732 1296 
192 109 
757 0 
0 0 
1829 1425 
1609 598 
1098 197 
1183 672 
1952 2044 
927 510 
338 423 
1292 0 
122 435 
1761 0 
386 0 
1225 623 
809 1302 
1057 17 
1113 1010 
1662 1436 
2295 643 
839 1014 
2614 863 
1803 1470 
932 1042 
1405 456 
2484 633 
219 483 
1792 245 
595 273 
985 0 
2489 659 
1682 703 
1898 92 
2558 1013 
168 0 
1109 157 
1575 1254 
852 312 
2505 0 
1287 1355 
766 146 
1305 263 
1668 1031 
827 1283 
1020 0 
130 0 
420 455 
1626 91 
1736 1327 
1883 1355 
63 159 
1210 1025 
829 221 
678 0 
259 116 
129 55 
2357 873 
1211 651 
461 0 
222 260 
566 0 
157 99 
557 788 
1276 1858 
2176 609 
189 0 
1136 823 
2641 1428 
371 262 
1350 690 
1519 977 
925 1015 
0 0 
2008 821 
1879 1574 
0 0 
388 335 
687 1199 
590 867 
680 579 
1446 83 
32 101 
934 473 
425 257 
735 598 
1115 963 
61 389 
590 243 
1940 232 
863 716 
2284 1030 
1418 1430 
2199 2435 
1025 274 
1998 79 
1161 1008 
1386 278 
150 0 
1283 0 
1806 937 
512 564 
243 102 
1096 1131 
1696 1118 
1091 1297 
2315 1509 
353 501 
1422 1292 
2090 1482 
764 0 
80 309 
594 153 
994 693 
1289 0 
2406 2299 
617 548 
1291 1201 
2692 1733 
1558 0 
597 91 
1787 63 
221 131 
557 444 
2020 1229 
2377 593 
469 415 
505 670 
1952 66 
871 742 
2477 1715 
649 455 
1699 197 
1265 1263 
1463 0 
17 142 
51 25 
645 67 
534 372 
441 263 
1168 0 
1463 0 
487 0 
895 421 
2003 1382 
1832 1761 
741 468 
573 541 
2386 862 
1344 0 
311 236 
520 1247 
172 0 
322 409 
612 0 
659 484 
1311 1065 
406 413 
1136 878 
224 393 
573 872 
1219 846 
1330 0 
54 0 
1926 1283 
774 0 
1555 1690 
0 86 
472 0 
215 207 
1707 439 
2122 1387 
1377 92 
533 577 
1042 523 
1461 1025 
1769 0 
1203 95 
403 296 
431 0 
546 424 
250 125 
1297 321 
1217 814 
528 240 
2436 848 
498 210 
362 389 
1337 346 
1026 1226 
811 335 
1971 656 
1073 2032 
1608 952 
1960 1084 
794 492 
1091 1451 
384 42 
856 372 
1730 994 
1161 943 
1011 576 
499 0 
46 0 
1318 0 
1394 229 
143 568 
708 0 
0 0 
58 104 
2339 2009 
0 0 
1325 288 
28 638 
757 1205 
247 0 
1788 1916 
370 616 
0 0 
613 799 
1264 1277 
905 968 
567 0 
285 208 
207 267 
307 574 
92 130 
646 318 
1848 0 
940 569 
1649 1553 
2512 98 
1075 1406 
642 832 
679 482 
36 281 
1712 377 
559 546 
529 793 
2466 1351 
154 164 
1521 2127 
342 432 
821 897 
1139 529 
111 130 
1542 1903 
284 0 
1951 1610 
240 458 
152 45 
132 0 
1935 140 
959 0 
480 441 
1958 441 
796 476 
2083 1139 
1196 760 
2022 1331 
1064 0 
2071 1471 
1261 1069 
2628 1621 
593 436 
1397 1154 
1900 0 
1983 1487 
515 460 
2131 1223 
232 0 
170 476 
364 0 
2620 1131 
280 133 
2818 1054 
1937 1972 
1271 86 
1974 1391 
597 319 
706 27 
1207 1372 
1869 1595 
2310 900 
1450 1206 
2363 1620 
734 959 
335 0 
1709 1383 
630 254 
363 0 
762 985 
1926 1167 
400 91 
14 141 
923 687 
1133 1297 
1473 698 
578 217 
2011 1834 
306 0 
12 132 
1115 0 
157 75 
1069 538 
112 0 
295 321 
636 0 
1836 1449 
1671 2330 
402 75 
1645 1990 
495 0 
1179 1239 
1476 0 
95 0 
659 0 
319 399 
1360 1393 
177 0 
1159 0 
826 757 
96 211 
629 0 
1708 1516 
598 589 
304 371 
542 660 
391 0 
192 261 
961 752 
1025 87 
47 61 
1552 71 
1742 1492 
957 1382 
2571 1714 
241 360 
1511 1750 
1911 474 
228 0 
0 0 
1995 1147 
0 0 
1686 757 
1118 79 
1673 1644 
1435 391 
70 79 
1942 1488 
1708 1032 
1195 910 
1386 1399 
2424 1649 
266 0 
0 29 
988 734 
589 89 
320 0 
1124 1484 
2229 782 
1903 439 
227 0 
2208 1039 
0 49 
1258 101 
1678 709 
1976 63 
1262 260 
919 229 
980 0 
604 638 
263 0 
979 812 
959 438 
736 0 
1012 939 
2101 1479 
1305 135 
195 0 
1057 0 
1121 436 
234 62 
1138 1147 
915 855 
323 0 
960 92 
1168 951 
1227 948 
760 0 
162 234 
2326 414 
1239 1968 
1459 0 
181 376 
383 0 
719 694 
489 343 
1837 1892 
1386 732 
40 0 
716 769 
193 351 
123 155 
1222 1865 
918 0 
1136 954 
2164 1428 
1356 955 
901 897 
953 729 
1608 116 
1230 372 
1478 289 
1491 728 
1936 1452 
2503 1091 
1374 141 
598 192 
36 0 
1706 1656 
960 1385 
22 0 
1282 0 
941 283 
43 340 
2004 1244 
1008 934 
139 166 
1586 1112 
31 358 
1877 1055 
1226 1399 
879 0 
842 1406 
79 106 
695 549 
589 279 
1377 0 
1539 1808 
2573 1211 
203 70 
1186 450 
1011 969 
890 349 
2985 1512 
387 157 
632 138 
0 0 
1541 0 
333 549 
146 0 
1419 497 
539 0 
497 0 
983 212 
1956 1371 
1126 254 
2653 992 
1258 732 
2419 952 
1926 1364 
832 335 
1175 1719 
999 0 
1875 1558 
361 309 
603 1332 
813 26 
473 566 
1396 130 
2528 1223 
876 0 
214 419 
1354 1408 
1719 113 
0 0 
63 0 
2030 1715 
1703 1544 
278 178 
1760 818 
749 1122 
1803 0 
0 0 
1488 1500 
1800 164 
503 153 
23 0 
1833 919 
1906 2116 
869 1182 
1063 1047 
1434 1314 
362 241 
767 254 
939 1080 
0 0 
1841 1830 
467 164 
1229 0 
754 992 
0 40 
1356 537 
357 861 
1432 1161 
121 82 
526 945 
0 69 
599 0 
1584 87 
2175 155 
2722 1036 
645 258 
2346 0 
46 45 
1290 1067 
166 52 
96 534 
1560 1166 
1169 0 
992 845 
2479 1580 
1246 323 
1185 729 
543 0 
111 1290 
1239 42 
100 66 
2256 1196 
425 276 
372 366 
548 616 
2413 1465 
143 97 
765 1342 
1805 0 
622 744 
2375 1228 
178 0 
1657 0 
1359 1689 
44 685 
2132 1854 
1474 1888 
2114 576 
695 603 
2372 1522 
2030 1953 
587 1074 
762 749 
33 136 
1515 645 
1106 267 
486 761 
1456 1524 
41 0 
725 611 
674 899 
884 0 
2126 1001 
1460 0 
2519 1394 
470 834 
247 285 
0 0 
1009 0 
1198 0 
1113 636 
1143 828 
962 710 
1984 2279 
1252 1031 
1136 364 
1407 0 
949 1072 
403 271 
1556 1394 
1563 576 
802 1578 
207 97 
1105 656 
442 552 
1618 1192 
2366 877 
889 888 
406 751 
1921 1126 
2737 327 
1688 1056 
1641 1476 
1672 1426 
241 647 
1789 50 
719 1005 
150 239 
817 655 
331 120 
1459 0 
98 333 
2059 318 
800 145 
88 365 
1359 1257 
1088 618 
564 829 
1432 1102 
333 262 
111 0 
167 232 
1347 765 
973 541 
350 725 
1987 1780 
1205 295 
645 578 
1935 1244 
854 784 
58 0 
1838 127 
599 688 
641 137 
1436 793 
275 48 
1422 798 
545 312 
271 267 
62 59 
610 661 
1118 643 
174 0 
1869 1269 
1064 540 
2171 806 
2043 1072 
1440 909 
996 364 
621 966 
2265 677 
579 918 
627 765 
731 0 
933 168 
1567 1470 
317 74 
64 125 
2552 1520 
1770 966 
226 279 
1605 0 
413 628 
0 0 
566 200 
2508 1062 
1489 1147 
1868 1538 
1704 224 
756 268 
967 0 
1914 1587 
1573 762 
1266 1120 
352 234 
1561 1616 
1296 736 
1398 1017 
581 623 
1442 853 
1263 468 
566 42 
2138 201 
831 796 
536 0 
1153 1338 
2049 1014 
1658 1947 
57 120 
155 113 
917 898 
1967 1643 
2060 1031 
202 89 
1412 459 
1298 1050 
1873 739 
180 0 
1184 975 
2335 1425 
2044 1263 
141 0 
2077 1674 
181 750 
0 66 
1015 0 
1598 1823 
2243 2231 
99 0 
1197 830 
237 301 
99 282 
0 196 
353 0 
158 0 
705 570 
106 216 
922 194 
243 0 
1518 1144 
227 431 
1957 1354 
1743 1774 
455 0 
673 0 
1588 1389 
467 716 
1068 702 
947 819 
1261 0 
2385 358 
350 0 
338 0 
2816 555 
1441 0 
1874 2074 
1091 532 
1142 461 
417 530 
391 892 
516 386 
1625 87 
611 0 
1117 1054 
221 0 
1244 681 
796 715 
2510 1374 
2459 1116 
1975 1563 
149 402 
518 730 
149 427 
1238 218 
883 1016 
84 97 
2259 982 
2179 2232 
840 0 
2113 937 
2245 220 
1009 649 
2067 35 
1775 1478 
847 73 
131 242 
497 403 
2013 1860 
1222 656 
1819 844 
700 0 
838 1787 
2413 1415 
1970 1163 
414 656 
776 846 
1377 89 
2229 130 
966 284 
1116 1524 
1963 1058 
518 0 
1099 763 
2829 854 
768 1526 
478 0 
966 474 
1364 1737 
975 1139 
2350 157 
166 218 
728 86 
1016 1341 
2133 1097 
1274 1162 
54 46 
438 0 
1960 276 
254 278 
788 520 
919 662 
748 956 
965 100 
1315 461 
383 633 
305 825 
967 1016 
442 452 
364 170 
1513 1479 
981 0 
1496 1154 
821 513 
1051 961 
370 0 
380 308 
1212 342 
301 90 
190 0 
909 0 
1146 957 
910 0 
1122 1677 
93 191 
314 542 
2519 1296 
635 0 
1972 531 
0 0 
1294 141 
948 93 
470 309 
1293 863 
2054 1754 
722 117 
86 46 
1931 401 
1048 823 
1290 1710 
734 622 
848 0 
498 384 
1367 777 
1966 523 
1862 2229 
2163 1278 
1981 1422 
830 516 
1772 214 
1882 763 
1086 0 
1124 914 
173 835 
155 147 
1265 765 
1735 1440 
309 353 
31 124 
968 1106 
1489 675 
1513 206 
153 142 
1807 1106 
1060 1611 
590 0 
1007 826 
2174 1411 
1991 1950 
438 633 
1373 0 
1847 1238 
474 708 
1495 982 
1165 0 
1646 0 
39 102 
2102 2149 
2777 1178 
2312 1288 
1422 968 
1237 643 
286 408 
6 79 
1701 1055 
1782 57 
744 709 
1119 1393 
1512 319 
2433 776 
1659 112 
543 833 
1704 381 
867 1484 
821 594 
2127 1860 
860 0 
1983 250 
769 644 
2123 447 
482 356 
932 101 
1860 89 
2346 1256 
763 478 
2276 2229 
204 399 
1803 1314 
2099 1361 
855 514 
2163 1572 
3166 1250 
144 92 
608 527 
1269 1205 
1829 0 
1559 1416 
522 803 
266 758 
1714 271 
242 248 
253 364 
2144 930 
10 112 
458 614 
89 124 
533 0 
1899 456 
1753 1105 
1133 1457 
0 0 
1319 1084 
576 996 
399 270 
1570 464 
2197 1247 
1889 1739 
1288 913 
1577 1543 
203 85 
1305 0 
263 128 
1921 38 
648 515 
163 270 
364 891 
1013 90 
1060 0 
2002 1217 
168 13 
354 348 
1651 1170 
1900 1871 
50 85 
895 938 
470 251 
170 247 
963 0 
74 264 
1468 595 
1555 1027 
1483 0 
987 772 
914 0 
1829 1446 
663 291 
594 405 
117 64 
757 350 
1234 0 
215 181 
39 86 
660 785 
1465 1693 
844 604 
345 928 
1027 1079 
381 71 
1062 343 
396 400 
421 78 
69 11 
55 0 
1064 624 
698 877 
1104 643 
1991 1190 
2475 548 
1145 912 
1019 841 
1497 1266 
1413 2260 
1339 379 
1936 1738 
433 245 
542 100 
447 489 
1772 898 
157 0 
1859 1162 
313 0 
1565 555 
1976 790 
0 0 
35 0 
1330 56 
0 0 
2053 920 
2257 1721 
1636 1524 
2099 306 
767 565 
501 516 
1507 0 
2279 1610 
106 550 
1975 409 
1254 550 
1835 1369 
897 726 
590 431 
2324 999 
1035 663 
0 0 
2841 1844 
2024 25 
526 0 
1000 536 
1374 1114 
1709 0 
28 275 
466 696 
729 100 
2040 812 
2393 1040 
2179 1385 
189 509 
617 628 
1552 1865 
380 623 
422 903 
12 337 
931 0 
57 0 
1848 1397 
2200 1694 
362 0 
1432 1391 
950 1079 
1307 267 
286 397 
2861 992 
2164 1726 
1463 0 
2592 1645 
438 258 
1654 1458 
1039 0 
1190 769 
1911 243 
2502 622 
1936 1207 
1016 1035 
1195 93 
2282 1029 
1404 1089 
1429 503 
1245 725 
2238 1771 
438 0 
1176 0 
178 631 
228 0 
168 0 
1023 98 
1986 2114 
1839 808 
2335 448 
458 727 
440 382 
1763 95 
326 738 
382 54 
1977 1499 
475 998 
693 65 
0 0 
1066 1534 
1203 0 
332 255 
1786 1945 
312 5 
1426 1777 
2011 1581 
533 73 
1612 1105 
694 1222 
1950 1796 
590 720 
691 82 
2081 695 
1587 1042 
2082 1976 
838 615 
1349 2367 
1697 1191 
288 293 
319 0 
3008 661 
1994 936 
1236 818 
2146 932 
1704 956 
954 1113 
628 230 
570 775 
668 97 
790 431 
2345 1182 
1865 1653 
1614 189 
697 513 
0 0 
0 0 
25 53 
101 127 
55 146 
361 174 
610 0 
0 46 
721 318 
1913 432 
439 185 
2013 736 
1314 1003 
2840 1550 
1076 969 
1711 806 
2151 478 
2126 253 
1848 834 
1416 1406 
1770 560 
2162 1619 
0 91 
1028 801 
393 663 
1640 0 
1128 1491 
1598 111 
67 0 
1139 827 
309 630 
1500 849 
1392 1794 
8 0 
741 243 
1137 1809 
919 793 
361 294 
222 483 
1468 873 
149 238 
92 95 
1836 263 
491 65 
1601 493 
1231 0 
1266 1173 
129 0 
1948 2030 
0 0 
1161 1424 
558 0 
1990 794 
944 0 
340 0 
390 0 
2081 1592 
1550 105 
516 457 
883 954 
2008 652 
460 169 
824 787 
2697 1271 
454 334 
22 331 
2461 1319 
2420 394 
171 339 
574 69 
882 705 
706 324 
1294 1357 
0 0 
1375 1807 
1176 0 
862 539 
1613 229 
1064 954 
1393 367 
649 0 
1212 720 
1138 171 
1007 1224 
1067 0 
1495 1324 
2142 195 
2469 1954 
122 317 
1824 98 
1402 371 
0 0 
1975 653 
221 131 
1829 1709 
88 0 
1160 142 
866 956 
722 683 
1657 389 
2230 1872 
1569 1210 
215 0 
1001 1067 
753 197 
1564 1722 
1717 186 
2215 146 
1432 688 
1040 0 
538 730 
595 541 
327 109 
583 756 
847 578 
1511 301 
700 0 
501 694 
72 0 
1977 174 
916 739 
2511 1015 
1853 0 
2348 977 
1660 1265 
805 1127 
446 412 
34 0 
1633 320 
626 717 
1170 1136 
1962 2074 
219 0 
1356 1758 
945 1400 
1653 581 
825 935 
2147 715 
2541 1822 
1197 604 
1789 907 
490 94 
1377 795 
1730 554 
2095 789 
2327 1914 
444 432 
0 0 
1936 1348 
1060 1266 
1708 244 
1976 1838 
353 726 
332 0 
324 99 
1431 941 
687 0 
356 0 
1407 624 
953 349 
1813 151 
0 0 
1379 153 
1726 1751 
2156 1013 
546 693 
1982 1142 
716 683 
1250 264 
169 0 
687 719 
74 0 
1022 1238 
1503 681 
698 697 
576 1032 
561 156 
1539 473 
98 90 
644 323 
1202 0 
321 0 
1175 0 
1512 1896 
1151 1362 
1502 0 
413 365 
2614 1284 
441 321 
0 0 
2017 58 
1879 175 
1772 1165 
891 0 
586 609 
2199 271 
527 988 
1845 677 
1226 886 
100 0 
2211 1823 
1369 1530 
1394 1242 
825 1039 
1468 1925 
1256 1255 
1748 558 
612 217 
621 334 
1419 1013 
1275 0 
1883 627 
1170 909 
2139 392 
1418 1031 
1971 1355 
171 243 
501 0 
813 1046 
1208 1476 
635 0 
804 1080 
566 100 
2782 1407 
1126 297 
1663 1492 
1264 0 
565 236 
1409 1631 
166 62 
803 522 
1056 573 
354 175 
127 71 
415 0 
982 1161 
1288 1032 
286 417 
52 544 
1030 621 
1348 1310 
1177 1316 
659 548 
243 67 
0 0 
1969 1807 
332 475 
981 173 
2216 1878 
0 0 
1491 0 
317 273 
1281 1177 
938 1060 
1312 137 
750 906 
272 111 
309 0 
2460 330 
1555 0 
666 219 
1309 0 
1515 1121 
1715 1110 
1105 1161 
664 492 
2221 91 
805 919 
589 1021 
364 0 
877 772 
2647 685 
1757 439 
1636 1222 
1722 686 
1565 617 
590 554 
1641 1024 
2511 1482 
799 310 
1721 355 
63 0 
2150 1877 
247 0 
1346 0 
290 0 
660 381 
1876 444 
314 149 
1411 0 
1251 1360 
1854 1383 
1339 1022 
847 849 
245 309 
262 619 
2331 1687 
1572 284 
2626 982 
1362 876 
1816 1123 
1344 0 
0 0 
1814 191 
1523 1577 
1507 2460 
2444 1416 
1018 1063 
1280 1062 
441 471 
1946 440 
688 473 
99 72 
897 0 
384 538 
277 0 
1103 1167 
1424 0 
534 624 
978 658 
473 556 
200 0 
1572 1035 
2089 1782 
108 213 
1574 431 
1733 892 
2173 285 
290 94 
2136 1782 
1564 1880 
16 61 
962 0 
110 115 
1560 1048 
407 353 
2018 87 
1183 0 
306 56 
577 203 
840 921 
483 336 
1401 216 
1559 1290 
833 1035 
1115 678 
864 377 
2449 2185 
1368 0 
1955 896 
1080 1105 
186 86 
901 302 
783 1018 
1434 1285 
121 292 
1120 390 
795 155 
2172 739 
711 0 
1412 692 
152 0 
344 101 
1473 1418 
879 0 
1241 115 
22 102 
814 1583 
799 101 
919 1661 
123 300 
2517 2171 
1361 169 
223 0 
1443 932 
1174 1626 
951 0 
343 479 
2568 1222 
305 248 
633 580 
62 243 
1515 1164 
1781 0 
1101 1018 
979 884 
311 453 
731 812 
1221 1389 
226 0 
2265 328 
384 558 
1114 1121 
517 0 
19 0 
2182 746 
82 264 
2230 1233 
165 262 
1707 305 
1196 351 
1959 1930 
582 200 
673 485 
184 0 
2132 1208 
728 0 
332 303 
1031 309 
910 875 
1768 1784 
988 697 
296 0 
1693 899 
293 400 
2121 830 
1992 1783 
1344 1628 
1496 422 
1886 1253 
1249 1258 
1537 238 
1046 355 
1367 0 
1475 1253 
1454 1647 
329 0 
380 276 
382 218 
1184 644 
982 1523 
383 212 
1620 1746 
1104 1394 
2451 933 
277 210 
1381 1226 
813 726 
2139 1629 
744 0 
2357 86 
420 501 
587 1218 
1868 932 
1589 95 
1841 633 
930 947 
550 0 
670 531 
648 772 
1901 2080 
659 587 
1841 1623 
1128 520 
241 0 
1666 814 
387 343 
2170 768 
552 248 
739 994 
1149 97 
2863 1519 
2439 2224 
1920 341 
1680 673 
1235 1832 
1740 1863 
114 0 
1478 0 
1608 1161 
1364 1121 
1546 1692 
2049 1203 
1725 752 
0 0 
1812 572 
771 0 
1364 0 
620 1562 
60 89 
1504 1751 
1582 327 
520 0 
955 1233 
905 556 
0 58 
334 668 
317 372 
573 466 
475 445 
617 810 
2118 484 
1054 0 
0 29 
1639 716 
583 616 
1367 634 
375 204 
1693 1671 
619 363 
1533 296 
540 368 
605 439 
2338 1833 
1000 0 
440 385 
1956 1694 
278 0 
1341 1846 
1427 1070 
407 0 
0 0 
1268 787 
892 789 
407 306 
2111 201 
1573 1376 
1772 416 
1082 1294 
264 216 
1601 1534 
0 0 
2325 745 
971 70 
0 0 
149 0 
464 95 
1032 1177 
1817 1089 
825 0 
1221 224 
1423 1172 
1038 0 
988 597 
1282 913 
772 644 
260 772 
991 489 
291 444 
1973 1518 
83 0 
1519 299 
579 306 
858 252 
1933 259 
1749 327 
1238 735 
740 0 
989 135 
1740 809 
1919 1088 
397 440 
930 604 
1714 82 
2029 160 
773 401 
1911 363 
1690 0 
993 955 
2800 1034 
2087 1235 
1765 1921 
1250 1303 
1294 625 
2628 774 
797 75 
2195 1545 
333 266 
1496 74 
1146 345 
1497 980 
1815 1694 
463 724 
834 0 
1568 1261 
0 94 
0 56 
2003 1771 
1757 1606 
2230 1827 
2232 295 
0 0 
425 0 
1299 1276 
1025 834 
438 0 
1763 1665 
713 710 
1440 487 
1929 74 
1348 838 
497 0 
2228 694 
429 609 
1338 1148 
1873 1969 
939 765 
426 472 
1767 2063 
1622 896 
308 879 
1792 0 
1557 1126 
1295 344 
346 570 
1396 131 
1037 575 
1449 0 
727 0 
1496 1029 
870 752 
278 627 
643 568 
876 0 
1251 679 
145 97 
437 847 
538 432 
2255 867 
713 1025 
512 215 
1931 283 
349 0 
1881 1546 
1644 0 
71 0 
1568 99 
103 159 
2114 552 
694 281 
1601 0 
59 394 
869 932 
1634 1681 
1240 1719 
689 335 
1118 0 
0 83 
1186 0 
1655 0 
509 956 
7 312 
446 0 
916 494 
352 383 
772 511 
840 1203 
1506 1653 
975 0 
2491 1237 
2301 718 
662 764 
1473 1028 
1511 792 
124 0 
1019 584 
1772 885 
1267 853 
1036 785 
67 472 
2461 1716 
37 0 
1091 593 
347 448 
1636 0 
303 480 
1233 178 
626 0 
1063 679 
998 574 
1632 1390 
1542 1114 
1864 345 
2614 1381 
292 99 
699 814 
2794 1639 
881 1158 
994 898 
157 461 
684 91 
479 394 
1032 1269 
130 183 
1030 858 
1880 598 
1116 511 
2034 872 
497 354 
213 0 
2677 1091 
364 899 
501 0 
1380 795 
1452 155 
626 281 
1434 2210 
1234 1400 
1248 270 
1035 924 
1885 487 
784 830 
1824 1747 
1464 987 
119 83 
741 637 
840 127 
2162 1370 
701 0 
1526 1951 
254 347 
874 889 
663 238 
1945 2227 
1223 1009 
760 505 
2408 1149 
2261 1404 
1956 411 
91 280 
1129 31 
2740 459 
856 0 
97 576 
779 0 
1700 1284 
387 550 
74 0 
2427 1821 
2506 1689 
1028 77 
1969 1036 
1227 100 
1691 774 
803 297 
1387 270 
275 216 
2341 1260 
2134 1090 
1854 145 
1545 82 
1085 921 
1733 1668 
1663 44 
1720 1925 
664 862 
1324 163 
0 0 
949 688 
1659 93 
163 147 
1073 0 
937 919 
1784 672 
2065 1391 
2165 1558 
150 0 
937 0 
130 178 
465 297 
1647 0 
949 682 
2176 1739 
563 883 
2018 1139 
403 532 
1014 1192 
763 431 
1515 528 
1006 610 
723 0 
731 313 
1972 1260 
2116 1197 
0 0 
2161 1205 
1726 369 
1396 249 
717 627 
949 664 
1632 1272 
463 437 
1411 352 
2301 386 
2052 1190 
1212 1267 
1709 790 
282 15 
710 664 
609 517 
1769 19 
2735 1396 
1663 1413 
1794 197 
1080 0 
1267 178 
499 266 
2236 1343 
1003 0 
470 827 
1978 397 
1854 1983 
878 480 
1848 1876 
658 407 
2344 1359 
1173 639 
192 196 
1622 59 
155 104 
1814 1238 
845 705 
584 715 
919 1101 
1903 1792 
760 462 
1757 692 
1609 82 
1252 1746 
2496 600 
1615 315 
1032 1118 
1658 331 
1016 1516 
1061 0 
99 160 
1919 1337 
978 1893 
2146 1957 
1461 1178 
221 200 
789 584 
1670 158 
1524 1004 
811 1068 
1715 1109 
1087 1408 
1931 1096 
1557 94 
67 263 
919 715 
34 0 
1402 1426 
0 0 
824 853 
1687 1682 
683 0 
1213 566 
760 796 
204 356 
0 102 
735 1093 
1390 0 
566 561 
673 723 
1882 1435 
1088 1001 
2213 1336 
235 202 
317 0 
1356 986 
1519 93 
1684 86 
279 0 
201 0 
791 838 
208 365 
2409 2062 
269 330 
96 110 
177 600 
1884 786 
891 986 
2366 887 
1897 0 
1047 0 
1837 676 
87 142 
2071 1549 
970 320 
1994 1532 
492 466 
2068 1253 
56 0 
584 651 
238 253 
1786 977 
1949 695 
1967 950 
1348 1805 
2016 266 
544 783 
1621 837 
222 471 
655 1081 
2328 1685 
1400 1471 
944 906 
1206 1457 
967 469 
1347 1217 
311 317 
611 234 
1803 831 
912 263 
1816 1454 
340 89 
41 94 
1559 600 
1912 1365 
556 0 
2093 1716 
187 182 
196 154 
1008 466 
582 485 
78 232 
210 0 
2261 388 
366 413 
1574 0 
2581 681 
603 1439 
1883 235 
30 7 
1575 1470 
472 634 
0 0 
957 666 
1150 727 
1332 371 
1671 1885 
1258 306 
1968 0 
1163 912 
796 821 
1696 658 
2415 1105 
1255 1732 
1827 1548 
791 0 
992 0 
815 1274 
935 1204 
1629 190 
1162 191 
997 1172 
166 128 
1414 1328 
2475 1537 
1704 480 
2068 936 
1967 0 
651 643 
2049 1713 
1420 1073 
502 989 
2089 1687 
275 114 
919 0 
2079 880 
1606 1499 
449 479 
2518 458 
1427 0 
284 259 
1364 0 
0 235 
2294 403 
1404 99 
1403 1191 
2296 1649 
52 77 
876 940 
446 140 
2205 1276 
1113 1150 
2431 1093 
1592 667 
947 989 
1653 596 
1246 734 
1581 2446 
2584 1065 
0 0 
487 551 
1283 0 
2039 1184 
378 0 
428 1035 
1562 1162 
847 918 
2335 1540 
630 898 
2272 2017 
573 0 
150 0 
1104 1282 
274 60 
647 457 
101 152 
348 312 
1245 138 
713 458 
340 1443 
479 464 
0 0 
0 0 
883 124 
1290 1761 
1765 1040 
2831 392 
322 367 
1411 769 
60 104 
1666 309 
2207 1115 
149 302 
524 227 
533 487 
512 471 
364 105 
778 0 
1527 819 
1054 1039 
2689 1351 
483 856 
1413 555 
1495 299 
1670 1914 
1538 0 
1630 1481 
221 0 
33 4 
1600 934 
253 194 
1047 1250 
556 350 
441 281 
1444 1400 
1512 1777 
865 930 
0 0 
1175 14 
1790 1756 
623 0 
1590 668 
804 589 
1339 360 
71 511 
675 304 
1069 779 
2545 1769 
2365 1635 
817 0 
1480 238 
716 0 
2582 870 
338 0 
1369 1343 
2024 1892 
77 96 
2498 544 
1079 695 
254 0 
1162 1239 
2040 1472 
1910 1172 
1024 1292 
2867 689 
1864 2186 
2741 1138 
1332 97 
205 432 
745 613 
2007 1057 
812 670 
101 129 
362 411 
717 270 
1791 824 
1300 1356 
77 392 
2626 773 
322 52 
357 412 
41 0 
352 0 
1711 1240 
0 0 
615 337 
2191 959 
534 67 
1581 1658 
1074 28 
892 302 
141 108 
291 420 
1256 576 
1047 818 
127 0 
242 518 
1054 172 
15 6 
1286 1126 
777 427 
1875 2441 
0 45 
977 449 
1074 969 
306 229 
1000 28 
2185 1019 
13 47 
468 47 
179 299 
829 509 
372 0 
1010 942 
1017 935 
2243 1898 
1658 1748 
667 941 
910 894 
2090 1292 
1068 1067 
2110 913 
991 154 
239 493 
1547 32 
1483 1001 
1209 101 
269 173 
1632 72 
2305 983 
1433 1364 
279 82 
1230 292 
635 415 
135 564 
1007 812 
1817 89 
0 275 
754 793 
373 336 
1156 912 
1750 1261 
398 1022 
161 620 
323 201 
1077 498 
1612 89 
631 898 
1750 2028 
1460 99 
2455 882 
571 937 
0 81 
1093 1776 
690 0 
1432 59 
1721 293 
1183 643 
2052 2009 
1291 2066 
1626 1520 
1634 693 
789 0 
2458 1416 
1633 1860 
172 175 
324 0 
849 689 
439 0 
1933 300 
782 0 
0 0 
656 607 
150 0 
1878 889 
1470 1385 
457 363 
1524 1480 
0 0 
860 759 
1031 39 
2000 1429 
415 500 
1729 2085 
2214 232 
250 0 
1445 18 
2241 1664 
515 0 
1618 1590 
218 82 
1270 0 
2262 911 
1403 1879 
0 88 
113 0 
330 562 
1671 1219 
358 316 
138 0 
2577 203 
1401 865 
0 0 
747 0 
174 0 
1336 902 
605 0 
2033 901 
960 789 
1136 1272 
889 0 
233 207 
1608 1329 
281 177 
2035 66 
1093 1137 
0 0 
477 535 
964 1039 
668 527 
491 0 
1482 1976 
2032 43 
1263 85 
2238 20 
476 679 
654 541 
518 0 
0 0 
237 0 
1192 187 
1501 650 
1600 1597 
873 536 
2287 52 
1395 1408 
1620 1183 
1393 90 
265 147 
0 0 
52 0 
1863 0 
1008 75 
1979 667 
1296 1103 
1318 92 
348 0 
2029 281 
332 398 
523 212 
1537 290 
2353 1865 
1530 352 
585 0 
294 254 
2173 904 
1294 72 
560 260 
408 693 
138 415 
70 0 
794 0 
2865 1074 
207 114 
1189 296 
571 0 
1137 1524 
1829 610 
1230 0 
2180 738 
0 75 
1040 1149 
1155 1267 
1141 84 
146 0 
1235 70 
1423 803 
1729 1524 
816 0 
1392 832 
2288 69 
2304 1086 
991 666 
1390 0 
1540 984 
1790 1331 
1778 796 
984 133 
0 0 
45 31 
1585 573 
182 73 
152 137 
2635 397 
1744 1648 
1745 1387 
1779 1237 
1590 1715 
789 0 
1896 1191 
152 53 
770 0 
524 0 
2239 1637 
370 146 
1952 1986 
844 0 
832 1557 
1272 987 
1127 0 
2168 1602 
1260 476 
1379 168 
548 690 
632 495 
769 536 
1286 1379 
2015 1337 
943 1240 
2850 1411 
1779 1441 
2159 367 
1331 973 
171 117 
577 53 
968 661 
1555 612 
1451 357 
309 0 
815 813 
48 120 
2346 710 
0 0 
448 284 
202 0 
959 535 
1479 1275 
308 230 
443 345 
416 378 
352 0 
2480 1576 
216 258 
392 0 
2239 498 
2605 1840 
684 770 
1993 832 
261 181 
877 0 
719 698 
1183 862 
928 1090 
1248 119 
949 502 
1085 987 
848 1108 
428 934 
302 0 
855 445 
722 299 
708 1068 
470 584 
2020 2192 
729 694 
1614 1312 
1068 908 
1784 716 
1923 1207 
2112 798 
395 455 
790 1509 
0 0 
935 0 
2649 1100 
1715 168 
498 77 
1447 679 
0 0 
379 0 
323 408 
0 0 
998 780 
1684 1290 
880 1082 
1048 0 
742 929 
939 1501 
758 0 
1137 302 
354 380 
2199 386 
1501 634 
1365 39 
30 0 
1529 628 
405 898 
1230 0 
771 1128 
1666 2452 
1405 63 
817 0 
1560 814 
1297 1405 
1621 668 
616 0 
1222 478 
1944 1230 
1899 1725 
991 96 
1222 1937 
713 0 
977 0 
200 212 
1767 281 
874 916 
1319 748 
2416 352 
1819 1650 
1095 0 
1116 380 
1162 0 
2325 990 
90 107 
1802 992 
130 0 
2163 515 
2169 995 
466 1094 
1216 1599 
1525 1193 
1464 301 
612 449 
0 285 
0 54 
672 397 
151 319 
443 609 
1829 2448 
923 418 
1077 1395 
619 0 
2151 0 
1159 570 
2075 431 
148 0 
1993 1814 
1173 1510 
1891 749 
2007 1004 
1066 264 
1959 1100 
68 0 
1977 1754 
0 0 
1483 1239 
1968 1444 
57 43 
1865 1336 
1500 1390 
1550 246 
1937 156 
1299 0 
2759 218 
437 351 
1250 962 
429 407 
2175 0 
1689 811 
2347 1633 
1938 869 
829 508 
767 801 
185 263 
433 633 
322 351 
557 366 
2115 1983 
1918 1390 
775 592 
1002 483 
0 16 
1069 0 
1662 101 
1518 972 
1651 0 
1751 94 
58 19 
741 0 
934 1205 
528 198 
1227 1588 
666 775 
935 38 
2418 238 
210 259 
1311 1341 
32 16 
2121 311 
1876 490 
434 0 
272 320 
0 81 
2270 1688 
1269 916 
1815 1368 
911 908 
1614 1020 
99 47 
909 528 
619 83 
1746 422 
1706 72 
94 65 
673 1021 
2257 501 
769 1160 
0 0 
1354 0 
723 0 
727 194 
93 41 
1580 265 
343 159 
737 484 
2382 1626 
1382 1189 
1263 1609 
1634 0 
1211 1352 
2049 1483 
122 386 
1075 0 
2402 87 
384 644 
0 0 
273 277 
929 0 
2089 499 
979 155 
0 24 
231 101 
602 917 
76 50 
1576 0 
482 481 
1059 549 
483 332 
7 0 
2721 324 
543 0 
244 244 
2716 1634 
700 598 
430 917 
431 0 
666 0 
321 445 
1793 245 
868 573 
1614 627 
940 1049 
298 0 
826 953 
1438 1113 
506 162 
414 374 
2331 513 
578 452 
1164 1152 
1635 536 
8 0 
1672 1124 
621 1183 
611 71 
1219 1652 
1788 971 
2325 757 
414 944 
921 0 
686 644 
1903 1168 
756 600 
436 0 
1268 170 
960 764 
582 0 
1127 1146 
963 602 
580 987 
208 0 
155 4 
802 631 
1910 705 
1590 1400 
615 0 
97 117 
531 0 
3 0 
249 153 
1912 1474 
540 0 
757 633 
498 651 
768 834 
2237 1282 
1932 513 
193 259 
1047 0 
2182 1496 
1021 82 
3 68 
867 0 
0 0 
121 186 
1025 699 
928 1362 
606 0 
617 0 
526 445 
2602 1600 
1422 97 
2380 1321 
1717 1019 
27 0 
2037 706 
2511 781 
2692 1171 
847 0 
165 0 
2757 1133 
719 0 
1317 1072 
894 99 
420 167 
2203 100 
897 550 
1255 1220 
1657 0 
2548 705 
386 247 
2137 1777 
1571 972 
836 413 
334 295 
1478 376 
467 646 
782 0 
302 0 
258 0 
2305 1568 
1088 310 
1295 0 
406 488 
1184 0 
127 605 
269 391 
1764 947 
2074 1327 
2351 2168 
1362 535 
1484 346 
1772 144 
300 0 
1055 0 
72 0 
1199 1346 
204 0 
1629 1520 
1763 641 
2609 706 
275 507 
83 62 
1517 142 
318 0 
1976 156 
464 569 
302 1044 
1280 1040 
2121 56 
1558 535 
1266 0 
1727 1011 
1756 428 
139 226 
1746 750 
1232 0 
1294 1017 
450 508 
453 324 
1217 1333 
1344 1340 
2039 1661 
2052 1521 
1629 656 
1719 1034 
918 166 
1969 1694 
2241 403 
1256 1083 
89 0 
622 480 
99 22 
1748 1221 
117 203 
1722 80 
1755 1151 
1295 903 
1276 720 
723 0 
641 513 
707 0 
781 1332 
2480 770 
1154 1450 
1961 1601 
1126 0 
843 1047 
1176 480 
1234 1979 
1852 1736 
0 0 
1983 405 
116 215 
1264 1247 
171 97 
891 0 
2246 1018 
1406 1144 
613 133 
64 125 
1718 1417 
4 0 
2127 1319 
2229 1402 
1237 1205 
245 0 
2348 1361 
1538 0 
1601 323 
636 0 
290 337 
993 714 
1085 1084 
135 219 
1423 2208 
2385 443 
1855 297 
414 493 
2194 1887 
733 985 
1972 529 
312 431 
1200 0 
1422 1329 
707 0 
1544 998 
1742 408 
1180 1800 
1547 1068 
1661 1158 
122 224 
356 0 
1697 69 
2125 2184 
1328 1157 
2166 1416 
824 1357 
1033 1250 
1172 880 
2213 1464 
2082 1788 
1029 423 
161 340 
92 234 
0 0 
2604 1182 
64 123 
1429 1637 
1098 546 
1099 75 
104 344 
2169 1737 
2038 354 
920 0 
1338 0 
1878 132 
946 0 
1299 94 
113 52 
612 470 
1929 898 
613 461 
842 676 
477 590 
739 522 
1152 0 
212 0 
1166 54 
2795 1544 
404 490 
1083 1129 
1934 123 
1125 1082 
2111 1139 
133 0 
1983 445 
1278 0 
828 0 
975 844 
642 0 
1430 34 
1321 0 
811 756 
2029 95 
1212 143 
0 74 
1489 1724 
0 0 
2053 1056 
938 0 
1315 1164 
241 137 
0 145 
661 901 
289 790 
1059 1103 
739 581 
1359 1427 
1098 976 
1592 1378 
2654 1563 
964 215 
1808 824 
1732 77 
552 250 
1036 128 
2192 0 
2046 220 
1487 359 
1997 1319 
149 293 
1098 695 
698 538 
2378 1348 
1777 1864 
42 277 
2453 154 
2243 917 
2139 1306 
437 302 
744 1048 
0 50 
1387 641 
2484 820 
911 658 
229 43 
1525 1076 
1912 573 
949 68 
0 0 
1870 1249 
2168 1756 
1128 0 
1869 1481 
1962 1701 
2300 1491 
854 361 
436 601 
1497 0 
1401 1159 
1318 1331 
151 119 
1950 916 
1764 0 
1127 0 
965 0 
716 834 
905 942 
1550 145 
348 672 
0 31 
0 0 
2571 1445 
729 35 
1787 151 
1089 1322 
1173 1084 
1002 1033 
137 153 
406 0 
2414 1010 
2611 1041 
46 116 
1853 1204 
1376 434 
681 658 
0 0 
1208 1596 
1150 580 
2102 453 
226 498 
2025 1182 
2455 479 
2440 1114 
416 0 
1510 1495 
1537 1358 
1625 145 
236 556 
0 0 
0 0 
511 1201 
671 602 
708 539 
1903 780 
514 774 
61 0 
245 0 
1346 1331 
1117 536 
1053 355 
826 172 
858 731 
457 0 
1301 836 
2100 2214 
514 0 
1349 539 
1033 92 
149 99 
110 376 
982 746 
0 130 
1669 1092 
1021 430 
226 196 
1741 1397 
644 773 
708 1644 
272 0 
2560 1973 
1178 850 
2011 633 
1606 0 
889 224 
1698 0 
408 0 
382 285 
1188 951 
1670 1269 
985 1326 
167 0 
224 467 
1432 68 
223 0 
420 0 
236 0 
721 1012 
1667 0 
404 260 
1371 266 
909 1386 
110 541 
602 89 
547 301 
712 948 
1448 78 
2125 1435 
1580 1588 
2426 446 
366 401 
2327 599 
309 1127 
843 872 
1602 595 
0 0 
267 0 
261 0 
727 1184 
1168 591 
1779 1375 
670 0 
0 103 
1725 203 
567 707 
51 155 
981 1468 
1578 0 
2135 1243 
906 0 
295 0 
828 0 
1621 0 
1538 979 
743 967 
2339 805 
97 174 
153 82 
1365 1192 
836 786 
461 851 
716 711 
759 560 
629 990 
682 795 
2588 820 
1021 1790 
291 589 
2757 1350 
419 0 
86 31 
842 165 
955 1048 
1206 0 
1707 1113 
479 0 
2157 125 
398 567 
2492 888 
1816 1398 
42 88 
570 532 
817 491 
636 758 
1173 809 
1962 726 
850 0 
1842 684 
831 65 
0 0 
2482 1409 
667 746 
1168 441 
1663 0 
978 0 
1435 0 
258 214 
939 1265 
1868 845 
1414 482 
1097 0 
1605 389 
1071 0 
712 1096 
733 175 
260 683 
1388 624 
2597 505 
1289 646 
622 563 
840 546 
697 0 
406 734 
605 431 
875 817 
1320 349 
698 0 
1650 916 
642 584 
1688 1230 
0 100 
558 1077 
1205 799 
1644 573 
1393 154 
1220 833 
1894 1291 
243 330 
513 0 
2174 2891 
1848 1284 
1792 181 
953 946 
324 0 
82 36 
156 0 
769 885 
2138 1025 
1036 1323 
1559 768 
238 360 
1399 748 
1078 1571 
2094 1010 
541 253 
279 356 
1399 908 
434 221 
1025 0 
633 786 
1164 999 
429 0 
1556 1370 
1232 1738 
1548 218 
766 0 
65 246 
268 447 
593 470 
640 0 
2050 1535 
206 739 
1224 99 
1864 651 
1847 1340 
1775 262 
784 839 
2343 766 
309 0 
2490 1653 
1844 1899 
662 90 
0 50 
2778 965 
188 51 
1156 1451 
43 144 
1470 0 
453 635 
605 472 
1008 0 
0 93 
2005 792 
504 299 
1396 914 
133 0 
598 723 
1913 1761 
447 382 
2130 2036 
1706 1574 
957 974 
2701 1522 
1155 1649 
1396 1031 
2367 1180 
718 613 
1930 960 
1246 0 
2262 1015 
1733 850 
1080 827 
931 101 
568 0 
1120 981 
2148 1668 
394 226 
1054 443 
228 144 
670 541 
1832 275 
573 0 
859 0 
1871 1140 
1272 595 
1941 1453 
1264 870 
312 693 
1261 650 
2085 1202 
603 46 
861 1209 
431 977 
1569 1233 
780 0 
227 227 
476 609 
399 416 
625 0 
2913 1676 
700 676 
0 28 
36 88 
196 139 
44 244 
452 1042 
1218 1009 
1547 1434 
1742 1224 
693 265 
769 0 
1893 191 
73 0 
572 940 
1143 95 
1512 1170 
2073 473 
1477 168 
1308 734 
1387 1426 
385 209 
386 255 
1403 0 
602 0 
1147 911 
1419 0 
174 0 
1036 0 
1775 1230 
798 0 
1225 849 
279 0 
1503 0 
0 99 
3147 353 
62 0 
161 0 
1939 1661 
2281 1922 
1662 88 
1592 867 
1522 1615 
368 304 
129 0 
953 1281 
2050 835 
71 554 
2199 2214 
93 0 
404 130 
1730 1170 
716 982 
1431 1552 
1876 889 
454 383 
581 762 
844 660 
937 0 
577 0 
337 0 
1197 775 
2283 1265 
639 220 
1682 0 
304 795 
684 437 
2530 827 
344 833 
1627 434 
1466 519 
655 560 
1534 569 
63 190 
792 424 
980 836 
1631 98 
1471 0 
2313 1006 
2216 1665 
58 0 
134 361 
563 959 
1819 1531 
1753 1923 
867 194 
174 0 
655 0 
85 0 
485 326 
364 632 
1065 709 
1296 1204 
2152 966 
324 278 
1317 769 
1498 175 
1175 2185 
1155 0 
1066 737 
704 564 
553 1178 
1148 133 
635 422 
671 299 
705 0 
2568 1485 
2152 2447 
504 0 
1179 819 
747 296 
628 398 
2226 577 
1991 972 
319 28 
1237 0 
1062 273 
2482 113 
92 0 
110 76 
1192 930 
1801 68 
1121 167 
2320 1049 
1030 982 
330 618 
27 0 
1287 501 
1081 752 
1954 2026 
1711 1521 
847 99 
934 1386 
1050 365 
2471 598 
868 882 
307 491 
999 688 
2569 2018 
572 715 
1308 1519 
521 762 
1738 415 
2485 1211 
964 657 
225 286 
419 92 
1508 1380 
2542 1272 
1975 1946 
903 0 
2085 864 
268 236 
914 125 
868 1154 
1839 1727 
897 743 
784 724 
1669 88 
1364 738 
1440 0 
2239 440 
656 742 
908 671 
1392 235 
696 0 
1407 744 
574 235 
354 445 
424 0 
299 349 
327 385 
506 616 
1801 636 
1714 184 
2 54 
2223 1557 
1578 0 
755 308 
1604 701 
744 844 
819 271 
1163 0 
2534 1789 
1150 286 
321 445 
2523 1943 
1449 723 
1918 83 
1110 1003 
549 220 
1575 1611 
1717 298 
1204 1416 
333 652 
2111 1073 
462 225 
272 303 
1112 599 
1473 410 
2417 1307 
320 391 
1385 0 
1006 205 
2186 1637 
1744 1621 
440 1079 
1275 1037 
1479 101 
889 544 
1778 496 
1432 1143 
1105 482 
1648 1204 
911 684 
115 0 
444 306 
1031 622 
444 480 
598 954 
1052 1586 
1661 362 
430 0 
0 138 
764 627 
1283 1119 
2273 1188 
1016 1007 
295 320 
1327 917 
1068 0 
188 0 
378 461 
305 132 
139 188 
1771 1922 
1106 0 
514 448 
1265 0 
1464 0 
1318 1317 
63 100 
311 0 
2253 71 
817 88 
2336 2182 
743 1254 
2477 129 
881 0 
1525 719 
1095 631 
1220 663 
917 474 
1685 1413 
714 1003 
1331 661 
137 0 
128 141 
1366 501 
0 0 
644 225 
711 1372 
1384 1146 
1887 1425 
504 328 
1902 998 
226 472 
74 43 
350 312 
882 916 
1405 1725 
1570 2012 
467 0 
748 574 
2453 901 
564 740 
1568 0 
1326 0 
342 479 
409 200 
1283 1202 
140 276 
813 1185 
2239 1375 
1230 597 
1237 1126 
2327 2111 
453 394 
836 824 
200 0 
96 134 
1643 905 
1517 65 
1395 0 
43 0 
1406 345 
221 400 
2291 1322 
1295 1117 
251 0 
177 17 
819 0 
1462 256 
1840 2827 
1124 847 
952 738 
1929 1947 
1376 1343 
143 193 
1053 820 
1364 901 
149 86 
609 454 
1585 1298 
978 87 
2959 365 
494 470 
440 608 
1201 1065 
2047 238 
630 634 
1237 1043 
590 0 
1459 275 
615 519 
140 38 
279 318 
2099 1245 
1789 1299 
598 404 
350 438 
796 634 
1518 1285 
1016 1119 
311 0 
2451 1781 
1957 1160 
221 350 
1401 802 
2509 719 
1221 841 
1382 1067 
1735 1069 
361 0 
768 1163 
807 0 
1015 585 
2405 1430 
1346 74 
2048 600 
133 0 
733 0 
0 16 
1074 422 
1051 0 
1360 0 
94 45 
1080 946 
171 90 
1937 1783 
2053 1402 
1181 770 
340 272 
820 0 
397 0 
788 503 
1447 2083 
2261 1433 
657 0 
1798 1763 
1717 0 
349 200 
1213 725 
1145 708 
309 205 
1112 753 
729 464 
574 818 
2415 798 
1868 1202 
1396 0 
2012 2062 
1580 107 
193 395 
644 0 
46 167 
2448 1456 
1260 982 
1296 928 
1351 551 
2162 1604 
394 0 
304 636 
1723 1303 
257 0 
467 616 
1517 1444 
1491 0 
1913 800 
1515 0 
1410 560 
1800 2015 
107 262 
1336 0 
1987 682 
0 0 
1519 838 
469 0 
1517 1778 
1445 1565 
268 266 
2258 1615 
1003 813 
1961 463 
2033 1124 
734 691 
431 168 
813 917 
770 425 
1673 0 
1295 168 
1394 400 
757 772 
2368 2032 
1707 140 
75 25 
879 0 
193 287 
1619 0 
669 0 
1978 776 
390 99 
996 274 
161 100 
1820 881 
199 55 
1846 741 
272 626 
2717 762 
2440 1779 
511 709 
925 0 
490 433 
721 405 
0 0 
1946 1453 
2134 1769 
86 235 
2012 74 
999 1224 
1308 630 
1382 1036 
2231 746 
2132 1256 
1908 128 
1425 2130 
755 0 
610 0 
1598 1397 
1575 0 
1047 663 
77 354 
667 1057 
205 223 
639 973 
1177 1139 
1129 0 
510 432 
2478 95 
2867 1094 
1294 0 
730 819 
1017 858 
764 567 
1593 1922 
292 12 
1020 1100 
469 551 
1348 1107 
1244 531 
611 633 
89 211 
237 279 
256 531 
801 527 
831 1357 
1028 493 
2018 1293 
2149 1066 
658 372 
1033 437 
2139 1584 
1926 1525 
1474 0 
0 170 
2894 1452 
1840 950 
0 0 
2007 1277 
1585 0 
1733 1990 
915 414 
2097 974 
1056 846 
2626 1227 
1036 295 
748 0 
585 451 
702 1137 
495 93 
863 0 
1664 950 
1661 0 
1173 600 
1337 1245 
2071 1704 
42 199 
1611 1064 
451 0 
2137 1125 
906 617 
85 170 
534 704 
1539 1043 
77 359 
482 577 
116 186 
2126 445 
2411 2283 
1741 0 
1588 252 
791 0 
222 316 
942 508 
708 0 
1698 762 
165 334 
0 142 
1057 0 
135 0 
781 611 
1011 1067 
1533 1510 
389 28 
1402 1065 
1148 838 
2098 1330 
1687 1177 
1412 622 
451 309 
332 231 
728 0 
2007 1601 
2361 1873 
375 705 
492 406 
1346 1782 
42 242 
1110 0 
1830 1964 
739 0 
599 922 
1134 880 
245 407 
100 59 
877 928 
0 0 
495 844 
1167 1276 
1040 358 
777 776 
1867 361 
830 1141 
776 0 
277 302 
39 0 
62 143 
566 1123 
2056 837 
1211 386 
240 471 
1020 1172 
536 687 
250 508 
686 0 
665 0 
1107 1194 
1862 228 
75 0 
1722 684 
1353 0 
733 842 
996 665 
1757 447 
498 358 
1339 1004 
1195 0 
90 0 
61 187 
284 0 
525 825 
380 0 
1667 1274 
2141 1131 
761 967 
2195 1720 
177 0 
767 1696 
1014 0 
839 504 
0 96 
371 397 
829 1323 
1038 711 
506 1723 
600 471 
484 0 
501 285 
1775 1317 
2276 1045 
1841 731 
2200 375 
1948 1812 
538 867 
1537 1952 
1278 1538 
417 319 
58 157 
1705 1200 
2592 2032 
2045 726 
1003 0 
2531 174 
1849 945 
1748 34 
1774 78 
280 242 
1987 389 
507 443 
510 735 
247 119 
1145 834 
300 73 
1503 348 
189 219 
798 991 
1243 1235 
100 93 
329 132 
1638 2209 
827 0 
1697 1127 
2383 1378 
979 902 
2013 106 
1065 541 
246 629 
2640 259 
1494 1712 
1262 0 
1447 704 
1094 1487 
31 0 
1453 589 
405 432 
337 192 
1753 217 
1177 1533 
1176 1584 
965 0 
31 0 
0 15 
1798 1146 
1741 1942 
1895 1478 
396 0 
742 996 
447 547 
2151 1760 
38 1 
1503 572 
483 74 
41 288 
180 55 
1732 625 
233 257 
555 269 
186 0 
2403 737 
1515 0 
353 665 
132 765 
1040 884 
1163 619 
92 0 
232 440 
1037 383 
492 269 
967 413 
987 0 
87 10 
1153 1092 
1546 799 
1116 338 
1062 497 
1005 363 
0 88 
920 101 
0 69 
604 1048 
1816 395 
170 222 
660 794 
2396 1637 
960 0 
1178 657 
1618 439 
1690 865 
860 588 
1206 150 
451 409 
2405 1013 
1017 667 
1067 402 
460 963 
2288 1636 
55 42 
1504 1220 
137 76 
443 369 
997 598 
1259 84 
0 0 
221 344 
1433 1780 
1880 1148 
2026 2022 
369 275 
105 225 
506 1253 
116 0 
0 0 
779 0 
737 392 
200 439 
1690 1042 
1374 497 
169 0 
113 0 
1161 89 
2328 464 
1381 590 
1127 0 
2003 1825 
482 0 
1248 796 
1332 0 
276 79 
1296 778 
745 524 
1543 1320 
233 123 
1033 1519 
711 776 
1695 2088 
559 0 
489 561 
2114 1491 
1702 270 
208 88 
0 30 
931 158 
751 359 
743 91 
1366 266 
805 301 
1344 0 
0 0 
400 67 
1419 1423 
1531 1377 
603 758 
1316 1334 
670 540 
912 0 
1470 794 
883 0 
1277 2334 
1050 789 
1974 92 
894 1202 
184 0 
413 582 
1935 1709 
548 605 
698 775 
2908 508 
721 712 
581 870 
1204 528 
176 646 
169 247 
150 0 
1229 484 
332 568 
1971 79 
335 0 
1544 0 
2109 1865 
281 0 
1092 644 
1223 161 
120 308 
1310 1520 
1667 1235 
2783 29 
155 0 
132 127 
2104 1388 
1159 90 
624 0 
13 0 
1905 54 
997 1585 
2390 449 
1875 800 
0 187 
1730 1070 
855 300 
1071 0 
207 308 
1895 167 
1466 1204 
1225 690 
547 874 
2569 2159 
400 256 
2616 1117 
857 1353 
51 73 
853 805 
1433 86 
140 58 
479 425 
1063 1665 
1121 498 
228 523 
1476 1874 
1003 425 
1246 100 
1257 0 
1181 823 
1603 1540 
1548 1130 
1381 0 
2196 0 
2642 1098 
288 121 
2233 1612 
1100 557 
2195 1725 
1377 0 
1079 138 
729 1219 
133 247 
1945 904 
1501 1931 
265 264 
695 853 
1147 0 
1306 645 
0 0 
274 528 
60 0 
384 737 
2143 913 
1489 1437 
1867 884 
1248 900 
954 0 
844 989 
2928 490 
834 94 
1432 2054 
1383 0 
1969 210 
263 786 
715 579 
0 0 
2042 241 
1623 1401 
1724 1395 
938 1202 
402 401 
1163 1139 
549 58 
1499 2105 
1716 1285 
1411 492 
646 1030 
951 433 
599 281 
460 321 
1183 103 
730 734 
397 457 
1017 1303 
1664 1993 
1279 623 
434 0 
248 466 
294 473 
2645 813 
1139 494 
969 980 
1102 346 
2409 2076 
1167 0 
849 1049 
2625 1146 
768 646 
2387 730 
949 196 
416 324 
1972 1847 
38 232 
553 188 
1159 835 
1094 644 
1760 93 
1109 1598 
1588 449 
753 2065 
2369 1843 
2109 1571 
297 3 
884 0 
664 944 
753 266 
915 881 
1238 0 
557 0 
896 0 
1356 0 
126 17 
744 1101 
87 79 
210 0 
2495 609 
0 0 
916 692 
2123 964 
171 14 
200 510 
1836 1528 
1947 1427 
1878 1779 
804 1000 
389 0 
2057 1590 
2469 1562 
2286 199 
648 0 
78 334 
2223 318 
412 439 
0 177 
830 762 
2109 271 
1466 0 
1131 1065 
1736 1067 
1611 391 
1564 606 
639 544 
1166 468 
2013 78 
1209 962 
1233 1548 
710 667 
831 306 
57 109 
2376 1133 
0 0 
2038 905 
963 1196 
1653 1157 
59 90 
1267 1265 
223 170 
315 355 
835 0 
18 35 
1042 88 
1243 1066 
447 293 
2677 1213 
441 448 
1958 1353 
283 114 
555 288 
540 0 
622 679 
2320 669 
513 1024 
222 369 
186 279 
2194 1235 
236 0 
657 82 
169 124 
0 182 
1765 1 
210 100 
712 748 
958 1054 
1299 0 
178 90 
1323 1039 
510 500 
0 0 
1205 364 
707 730 
293 506 
1787 0 
1388 964 
402 544 
1108 0 
124 182 
509 348 
496 495 
1408 363 
710 0 
1167 0 
1560 219 
1524 0 
2426 1956 
180 191 
1481 1494 
1328 1775 
1971 1771 
1521 962 
57 0 
1284 307 
278 0 
550 211 
2160 880 
0 9 
448 176 
1394 1812 
1217 810 
879 1414 
1246 67 
515 85 
246 462 
701 562 
1284 211 
747 0 
1985 275 
1407 679 
1459 814 
657 0 
1137 293 
200 143 
319 290 
299 856 
1251 1228 
2051 1638 
284 270 
1522 455 
323 50 
1360 1500 
0 0 
0 129 
1650 480 
657 794 
390 97 
1392 0 
746 676 
123 246 
1448 1647 
1528 0 
2937 1706 
1541 1384 
1329 0 
2084 672 
1706 791 
30 44 
821 524 
558 651 
2207 268 
304 0 
1408 401 
1473 0 
371 585 
1697 1157 
66 8 
323 659 
193 418 
68 153 
695 0 
433 400 
797 168 
794 658 
1269 774 
739 1406 
1143 756 
324 235 
224 407 
1841 1412 
221 171 
2133 260 
2619 812 
586 399 
781 853 
57 13 
117 266 
2257 951 
787 0 
2250 839 
761 574 
89 56 
2378 582 
231 303 
756 1784 
1193 882 
472 446 
1058 947 
1250 132 
615 534 
1003 602 
1756 1429 
788 460 
1702 1485 
1262 932 
1123 0 
1122 0 
938 0 
354 204 
625 445 
2583 941 
1786 1210 
438 235 
275 277 
1199 504 
824 610 
518 263 
1211 1397 
90 10 
565 189 
832 0 
485 605 
1321 1058 
1321 508 
1049 0 
1574 339 
912 1297 
2742 1019 
1647 398 
716 645 
2342 909 
850 492 
1860 953 
1175 1272 
1175 1639 
751 673 
214 169 
1547 55 
395 820 
1532 427 
0 0 
2182 983 
1614 736 
652 226 
1573 0 
1255 268 
271 83 
258 344 
1270 1018 
1868 1790 
1089 329 
256 0 
1229 79 
865 452 
1689 1146 
76 0 
1071 1441 
982 818 
1798 1379 
57 243 
727 395 
802 592 
1115 577 
1914 1986 
73 25 
3 72 
1944 83 
194 600 
198 121 
1276 807 
789 728 
1137 1748 
1648 1083 
791 0 
453 476 
1297 1924 
2616 1151 
1828 863 
703 0 
907 1221 
1382 1006 
96 31 
249 7 
168 425 
0 0 
281 829 
531 454 
2199 447 
875 743 
32 89 
2652 263 
909 0 
181 278 
1219 100 
1840 404 
602 419 
515 754 
2563 280 
565 400 
705 652 
2420 1122 
2084 1836 
1183 2180 
460 351 
2211 1503 
0 0 
519 618 
1226 1241 
763 245 
990 709 
961 698 
139 368 
1524 1349 
968 733 
736 0 
1396 749 
1001 0 
245 401 
0 0 
1863 499 
0 166 
1021 293 
564 0 
815 1422 
32 0 
373 354 
1254 1258 
1551 0 
725 1111 
2061 1505 
301 627 
910 0 
1045 138 
950 146 
2356 1780 
1326 738 
1319 1226 
125 25 
22 122 
586 644 
2208 695 
70 241 
1786 1101 
173 196 
1053 847 
2422 1047 
2783 1612 
1047 583 
2035 98 
421 61 
983 83 
128 33 
1321 2190 
2051 907 
1601 419 
2187 608 
0 7 
1712 464 
953 98 
623 0 
1952 227 
789 739 
0 0 
1598 786 
1553 0 
319 79 
717 45 
1909 724 
1113 958 
1685 1884 
325 95 
18 97 
0 0 
1097 300 
1646 351 
1596 800 
973 72 
786 0 
624 539 
902 896 
1836 1780 
142 90 
244 336 
1622 679 
100 497 
1173 745 
1143 122 
1338 212 
1288 0 
99 157 
412 431 
468 504 
2241 1568 
158 207 
1484 506 
998 295 
1412 921 
76 0 
350 319 
902 796 
1032 262 
1139 87 
829 756 
646 665 
0 232 
797 724 
433 144 
713 466 
1180 29 
230 353 
630 426 
895 88 
398 453 
335 0 
1554 729 
1620 620 
2715 540 
2253 1318 
1731 43 
0 0 
215 97 
734 0 
1750 1556 
1327 778 
2306 656 
629 0 
1106 0 
1155 42 
1555 1046 
666 0 
469 0 
43 0 
792 0 
1760 556 
58 188 
2004 684 
2376 1605 
1425 1134 
1302 161 
279 0 
347 0 
1752 226 
649 1107 
2361 1232 
2405 1938 
1658 338 
787 0 
384 434 
1975 239 
1208 0 
215 46 
1068 1463 
2239 861 
963 609 
430 0 
578 519 
152 321 
1230 0 
1804 1514 
703 951 
2423 136 
826 0 
889 694 
359 176 
908 0 
34 0 
1545 1003 
1193 1037 
1978 1603 
1139 1020 
164 335 
1803 1467 
1211 0 
739 419 
1137 1450 
488 469 
375 181 
2092 2059 
1624 1380 
1534 990 
1748 393 
1889 419 
1695 1028 
1856 149 
0 0 
738 130 
1830 1479 
478 601 
266 529 
542 1175 
1523 168 
1673 2083 
1307 1330 
1433 525 
564 769 
483 0 
2005 44 
1379 0 
1413 1023 
2397 277 
31 151 
0 0 
699 331 
59 0 
560 109 
1150 1336 
329 153 
1489 72 
1076 701 
87 0 
163 72 
1411 463 
0 130 
707 422 
690 1580 
212 105 
1068 669 
483 263 
1286 0 
220 191 
1884 538 
148 0 
959 841 
105 172 
1190 0 
1222 981 
1115 65 
1791 217 
971 1291 
1277 1068 
2224 2224 
1537 1752 
1319 85 
300 282 
29 0 
233 0 
682 1084 
1697 0 
1390 1373 
1627 1159 
2799 595 
1943 461 
503 0 
2055 1704 
2673 1188 
1062 1023 
1500 1935 
523 0 
424 323 
2375 508 
1868 1814 
1213 1356 
1479 682 
21 0 
2035 798 
1083 0 
337 639 
2537 2260 
1939 95 
2463 827 
1160 545 
1735 0 
1416 164 
529 160 
1608 876 
2 0 
1011 1080 
167 0 
1198 96 
812 756 
870 263 
453 299 
628 547 
77 266 
1016 445 
2635 931 
1127 696 
637 874 
302 476 
161 231 
131 207 
503 0 
105 222 
506 0 
1083 1097 
1035 620 
319 904 
56 0 
803 432 
1541 863 
2083 2369 
18 71 
1605 666 
506 820 
1865 1719 
1732 1397 
1602 153 
365 16 
572 759 
891 66 
1871 1933 
199 0 
2055 2102 
317 66 
250 0 
1022 802 
537 327 
704 969 
397 239 
1638 148 
866 376 
1381 151 
1010 562 
1447 849 
826 691 
1405 1033 
690 0 
908 1375 
898 1170 
222 0 
1872 1081 
1838 984 
83 44 
1961 138 
1277 1007 
1722 24 
1480 484 
369 233 
1549 0 
924 310 
1576 1321 
167 193 
1702 107 
33 0 
1175 1397 
936 788 
363 280 
131 721 
98 99 
626 185 
590 859 
1225 745 
1145 922 
106 131 
1716 1451 
1959 1424 
1718 640 
278 257 
1486 1330 
1292 1144 
1283 0 
1998 1638 
937 0 
338 465 
1005 0 
2322 1092 
55 30 
2325 1971 
499 313 
514 297 
971 0 
366 582 
1074 1570 
793 0 
854 0 
1947 137 
1803 1618 
678 0 
1555 230 
836 298 
62 52 
1116 1455 
2115 1490 
4 0 
2483 1656 
1198 0 
1883 183 
2049 1414 
1482 1616 
981 0 
1330 0 
1820 164 
1258 660 
460 326 
1540 25 
2321 703 
2051 656 
2298 1113 
625 508 
277 104 
335 185 
348 594 
600 343 
1831 330 
40 127 
465 0 
661 255 
1819 698 
502 401 
1384 0 
558 659 
902 1180 
857 1030 
630 415 
951 751 
1222 0 
2817 919 
2446 101 
1443 372 
2225 1639 
814 99 
1240 0 
808 0 
794 651 
411 388 
0 0 
1880 294 
1987 258 
2100 44 
1029 1090 
2155 1894 
1298 1425 
140 555 
651 485 
282 240 
901 528 
2250 545 
897 403 
2115 369 
470 728 
499 621 
1490 887 
1323 655 
1125 1047 
935 765 
1080 332 
1319 0 
2259 526 
1588 1677 
1631 89 
1218 1133 
829 0 
1281 0 
834 0 
54 96 
275 93 
1108 0 
1960 1272 
1725 246 
868 745 
854 624 
1055 908 
1928 1632 
280 157 
1115 241 
2556 688 
45 155 
785 166 
1135 241 
1980 774 
1018 328 
215 0 
1009 854 
231 796 
325 426 
287 0 
1143 621 
1466 641 
1180 918 
614 132 
1739 160 
2032 1841 
782 72 
2312 1636 
470 520 
569 236 
2219 246 
2362 391 
784 0 
1789 2136 
185 146 
453 814 
2316 1109 
275 281 
1149 167 
125 418 
870 1211 
379 72 
89 0 
15 85 
568 345 
224 236 
543 229 
2244 1828 
1435 819 
1530 1780 
1392 1119 
1046 0 
1368 665 
207 344 
800 0 
2633 1113 
2924 354 
817 749 
0 24 
921 906 
528 0 
2650 417 
228 52 
352 657 
736 865 
20 616 
80 287 
0 0 
434 794 
1135 902 
0 0 
943 676 
717 0 
1123 0 
2441 1256 
1474 1632 
623 792 
285 107 
216 40 
905 0 
252 111 
508 1154 
760 740 
1593 801 
1204 1363 
471 0 
737 146 
788 298 
1466 725 
1836 819 
1745 1253 
96 262 
90 23 
299 563 
1691 93 
1416 564 
486 0 
774 545 
58 0 
138 216 
1220 0 
388 357 
2138 1852 
657 0 
2064 1054 
1504 1575 
758 656 
1758 1766 
1758 1204 
1348 0 
1940 274 
2007 583 
120 142 
253 167 
1517 1604 
1040 653 
1572 643 
871 1071 
1067 0 
316 311 
1033 1984 
293 0 
996 828 
1001 836 
19 0 
1362 1166 
2129 1158 
202 318 
1874 0 
978 253 
87 684 
1460 480 
1865 429 
460 168 
2279 849 
0 0 
1697 38 
2830 1119 
1404 0 
1937 1887 
425 0 
427 709 
507 0 
1394 1675 
2335 93 
263 1122 
1004 855 
154 0 
1299 309 
173 0 
92 175 
1471 0 
271 0 
114 359 
544 361 
73 80 
1188 68 
976 405 
647 853 
922 1156 
864 57 
1947 2249 
970 953 
1887 604 
1700 1053 
846 0 
1402 0 
1098 188 
1035 1034 
90 0 
1167 666 
1731 280 
1912 952 
826 1372 
138 0 
957 0 
1525 1515 
765 1131 
1643 1477 
0 91 
413 0 
1416 1196 
184 0 
1172 0 
1082 0 
1824 389 
1102 1581 
1775 1332 
593 1134 
941 1019 
647 501 
387 95 
228 293 
1462 1528 
1168 1512 
1393 62 
867 0 
1660 147 
25 0 
1098 0 
1604 1312 
1807 1688 
1686 767 
463 0 
76 0 
2430 1738 
0 0 
1255 1791 
1262 900 
2386 926 
1636 580 
89 0 
1755 1506 
560 455 
509 494 
1620 1728 
427 0 
1558 1492 
785 524 
1433 2107 
215 0 
688 478 
986 805 
1125 0 
446 603 
401 0 
2163 2103 
0 144 
286 0 
2265 270 
0 64 
325 0 
676 0 
1681 1512 
1353 1495 
645 515 
1099 0 
2343 262 
2746 2066 
406 0 
1107 932 
595 250 
336 362 
1515 0 
318 302 
2249 430 
1541 0 
1557 606 
220 462 
909 493 
1644 1720 
657 334 
1111 183 
1191 97 
934 0 
268 193 
718 299 
643 1052 
816 0 
167 144 
146 121 
422 287 
780 870 
1314 534 
995 744 
130 2 
547 476 
1001 988 
1898 239 
0 0 
2136 622 
1378 500 
2000 1206 
1150 1298 
2127 337 
112 99 
0 54 
140 137 
967 921 
466 0 
351 0 
2103 1013 
790 749 
23 66 
1284 95 
720 253 
865 777 
1054 722 
777 1094 
2319 1846 
352 0 
1926 106 
1728 490 
353 1049 
824 526 
590 1035 
1048 0 
790 930 
1899 297 
150 0 
2351 1531 
1697 522 
147 205 
527 328 
1942 879 
668 0 
1704 1492 
982 848 
962 857 
1165 742 
410 0 
337 0 
502 588 
395 624 
164 49 
549 971 
849 119 
252 69 
1183 800 
1433 368 
2633 254 
1569 1795 
769 0 
679 394 
1308 94 
1056 1810 
591 0 
2217 2150 
1002 0 
243 785 
0 71 
1145 0 
1283 1003 
1531 0 
1097 760 
54 0 
1287 1582 
1387 0 
395 255 
1927 0 
529 79 
523 171 
556 0 
892 1300 
874 0 
1415 1267 
2080 2248 
2111 1558 
1574 1816 
2310 384 
1722 801 
395 645 
2640 700 
1466 946 
1831 1706 
550 0 
1405 1307 
516 323 
968 0 
2421 1930 
2024 733 
507 870 
1132 1162 
272 1076 
891 663 
2567 1793 
2158 1236 
572 582 
1856 1832 
697 0 
226 178 
1457 1164 
397 537 
1764 1343 
859 834 
252 368 
61 35 
1886 508 
595 257 
1396 1125 
1909 748 
1956 1323 
163 853 
449 239 
593 0 
1956 1757 
781 937 
1143 1276 
654 695 
996 529 
80 92 
257 253 
1680 1409 
2620 946 
1019 447 
2098 1104 
55 22 
1172 2254 
1327 364 
276 0 
896 170 
689 879 
2428 1590 
1298 1854 
0 150 
0 343 
0 0 
1761 462 
1760 1396 
529 0 
1349 947 
1422 861 
260 201 
1408 1100 
502 87 
1195 912 
1867 1471 
53 0 
1507 712 
1335 0 
1460 896 
424 368 
1757 1572 
338 469 
945 853 
1887 1047 
1087 0 
1250 995 
2704 1676 
687 783 
678 331 
1648 1447 
879 635 
2466 373 
667 0 
1704 1099 
153 170 
1133 383 
1175 917 
866 0 
830 0 
440 422 
144 355 
1412 0 
1045 597 
1719 1976 
123 149 
1967 504 
1726 214 
1180 1047 
1638 168 
2627 996 
495 0 
1819 242 
119 305 
1847 1035 
136 935 
889 951 
1223 660 
994 0 
1585 790 
480 0 
2166 590 
0 78 
1839 1057 
372 250 
1462 1243 
0 0 
1623 1398 
2024 221 
262 0 
378 489 
87 0 
407 0 
159 144 
29 132 
1452 1741 
743 745 
1099 559 
1685 1657 
623 421 
2427 1153 
720 374 
1588 760 
1563 516 
26 11 
1801 358 
651 256 
1486 1348 
814 1063 
1685 1309 
976 281 
1285 227 
593 765 
0 205 
601 195 
1232 1175 
160 123 
661 392 
0 0 
1926 577 
202 478 
2074 459 
764 143 
1651 0 
1700 0 
2144 585 
1767 1986 
97 123 
0 0 
1579 1482 
714 689 
434 267 
592 775 
1610 480 
499 314 
3356 459 
835 957 
909 489 
2478 1739 
596 526 
928 928 
1825 1418 
981 538 
487 503 
2024 1373 
468 0 
1849 974 
1696 1001 
1718 2090 
2124 1645 
1966 126 
1508 1127 
2138 438 
84 361 
478 460 
1583 827 
490 126 
2287 1935 
929 632 
729 499 
1886 595 
879 817 
1369 1705 
0 59 
1833 1647 
1086 0 
2151 1799 
1539 1377 
752 0 
184 1 
2175 781 
685 1157 
911 791 
851 139 
2420 651 
761 0 
2041 2103 
2475 1495 
2430 1690 
930 789 
1635 2042 
2139 1845 
13 0 
803 810 
260 48 
1204 578 
32 0 
1695 188 
1864 169 
557 598 
1587 195 
1368 457 
13 0 
1979 145 
63 128 
301 308 
2772 1352 
222 176 
1246 775 
1515 197 
16 275 
288 65 
2228 1397 
57 118 
1493 1567 
271 155 
1288 0 
458 820 
1635 656 
691 788 
2144 935 
885 869 
302 204 
970 514 
489 625 
68 162 
791 840 
1019 434 
1466 1881 
1376 942 
511 0 
2036 49 
77 119 
2465 1530 
739 662 
1271 960 
1229 282 
921 150 
1196 1015 
1260 0 
1641 137 
1241 722 
88 248 
1411 0 
884 0 
1737 1015 
2613 1404 
22 75 
1555 1408 
1878 816 
800 99 
922 0 
2168 1853 
1018 952 
0 0 
2846 854 
1465 279 
352 409 
488 674 
1436 155 
626 0 
1122 883 
1490 1512 
1878 954 
506 0 
1837 0 
1607 806 
695 154 
690 0 
1794 787 
983 666 
1663 311 
264 146 
269 274 
1380 1956 
1075 428 
599 101 
2106 1971 
312 394 
129 218 
1567 988 
420 607 
859 631 
385 300 
126 535 
2004 1588 
1516 1521 
421 539 
0 110 
392 246 
643 693 
323 391 
1287 0 
761 1276 
2099 362 
1650 2136 
933 0 
1040 0 
1156 1623 
1971 341 
33 120 
655 524 
1644 254 
1592 1424 
129 161 
1762 1563 
626 1129 
1409 1200 
784 742 
1362 667 
1332 85 
1429 761 
1980 236 
344 324 
945 1014 
1228 927 
1968 1393 
726 80 
562 895 
1191 1814 
1475 629 
766 871 
2617 479 
1657 1303 
1445 1353 
1542 1120 
1059 1424 
0 0 
1470 146 
299 640 
2031 1440 
54 19 
459 238 
1412 341 
226 62 
980 633 
624 0 
2373 868 
94 61 
2329 427 
1124 889 
1354 2168 
599 0 
383 298 
0 0 
1035 668 
2139 1369 
1386 1787 
1262 1171 
155 0 
1151 1131 
1682 1292 
2219 2170 
1504 1324 
1838 398 
1830 2478 
401 87 
1830 548 
1009 1350 
98 35 
436 769 
165 9 
262 68 
148 168 
821 1375 
419 120 
2543 936 
1473 1237 
1571 1455 
1026 817 
0 22 
560 516 
301 97 
1509 485 
6 23 
1290 0 
50 27 
1146 713 
227 155 
634 419 
313 0 
2281 580 
317 212 
1461 213 
1252 813 
1645 624 
1071 185 
1042 799 
1766 1530 
179 332 
151 100 
275 765 
1052 790 
1238 1601 
47 0 
822 1148 
1138 0 
792 0 
856 0 
1339 184 
328 0 
186 0 
2204 1342 
2431 1934 
614 0 
1920 125 
441 0 
697 239 
983 0 
1867 495 
814 629 
2549 1382 
1577 93 
757 99 
2636 590 
1039 1113 
844 1196 
804 788 
2221 1606 
579 591 
1390 2327 
1600 1191 
620 253 
2156 1694 
1325 0 
331 196 
446 684 
1719 1606 
911 0 
1299 1555 
732 434 
181 0 
2039 1018 
789 850 
1152 1360 
423 219 
143 0 
2169 1478 
101 0 
1767 684 
1497 765 
778 361 
2069 762 
672 548 
415 539 
954 0 
2139 1884 
909 1012 
459 679 
1060 1444 
192 389 
1145 0 
675 1254 
763 559 
427 193 
743 0 
1834 330 
1841 1306 
1490 0 
713 0 
1184 1018 
1444 1611 
1240 1021 
613 0 
1729 2592 
1899 1059 
1564 378 
250 0 
48 106 
1092 138 
898 273 
707 640 
572 734 
1557 192 
2343 1745 
1889 1268 
358 576 
1729 1056 
340 375 
911 1435 
1883 1828 
147 330 
50 129 
2246 1798 
2787 1347 
375 150 
0 137 
670 571 
818 1024 
1216 772 
387 527 
927 1282 
225 687 
808 896 
51 124 
630 196 
1888 1461 
295 310 
2079 779 
2061 743 
303 694 
1937 619 
1088 1174 
264 82 
524 470 
487 0 
442 269 
42 0 
192 121 
1779 2074 
542 551 
209 0 
1131 340 
444 917 
235 330 
1143 1727 
630 614 
337 338 
108 182 
1872 673 
1639 0 
799 405 
184 383 
2329 513 
2093 1534 
323 622 
1035 0 
1066 1298 
1182 641 
1919 1617 
470 0 
1585 1917 
1227 1015 
1421 1079 
344 367 
217 300 
1330 206 
1294 1177 
879 552 
1226 163 
674 592 
1822 657 
992 0 
1611 230 
598 773 
2244 1573 
1030 0 
1689 1045 
444 288 
0 94 
2021 401 
1795 1988 
140 0 
1040 0 
1323 0 
1928 820 
1015 833 
177 193 
589 421 
1289 988 
1087 95 
658 146 
1733 1391 
1018 171 
369 242 
1075 0 
464 450 
8 46 
1333 952 
552 875 
440 96 
1381 135 
2546 1321 
439 0 
1784 1460 
169 68 
134 0 
1232 1217 
1407 489 
1435 543 
2000 978 
887 0 
1639 94 
1673 215 
471 263 
1969 188 
1794 0 
637 0 
985 0 
1405 936 
1082 1081 
1902 410 
600 0 
708 611 
813 575 
59 324 
1843 1427 
1178 0 
1510 336 
929 1060 
1308 390 
1211 234 
1667 677 
81 131 
246 376 
2337 928 
681 432 
472 0 
544 1022 
568 513 
521 494 
241 245 
1134 1487 
2093 88 
2156 150 
1164 0 
335 328 
1661 1520 
0 0 
252 0 
2195 600 
919 526 
1008 941 
342 96 
516 1004 
1855 376 
531 81 
1377 1282 
497 478 
1029 226 
2026 412 
477 172 
367 941 
1521 870 
1055 1495 
107 595 
1706 1431 
491 715 
711 334 
733 738 
587 572 
356 50 
2679 498 
2204 826 
609 0 
1015 866 
508 0 
467 301 
1377 1010 
159 246 
2078 1608 
1709 45 
1858 716 
812 354 
17 166 
757 0 
2389 836 
1583 144 
752 522 
1445 87 
1765 1323 
790 768 
49 0 
332 225 
1921 0 
2028 42 
2236 1667 
436 0 
661 0 
1162 1227 
2452 1286 
865 436 
242 172 
1860 918 
448 221 
269 531 
781 421 
1038 0 
2110 126 
2106 503 
1370 1808 
315 428 
1624 1794 
2117 1915 
1477 977 
0 55 
1771 2398 
929 0 
1416 95 
1096 916 
955 915 
831 1391 
346 628 
1059 1465 
1753 1195 
693 312 
3085 559 
1233 505 
1796 1349 
682 0 
1472 594 
8 281 
460 413 
1763 1496 
45 167 
1998 407 
2260 1284 
874 964 
1912 1372 
12 74 
511 323 
2067 452 
2426 710 
569 501 
723 0 
1707 1591 
1318 363 
328 458 
106 137 
1941 317 
55 0 
1683 0 
2640 1767 
1581 988 
1070 694 
520 211 
1201 300 
1392 1414 
167 0 
2287 609 
375 685 
1372 1120 
2032 0 
1861 641 
729 857 
1845 947 
1016 1682 
348 164 
66 229 
1140 1444 
55 0 
967 0 
437 423 
2316 479 
1992 215 
984 661 
625 221 
1810 95 
1569 1430 
1243 1377 
1278 32 
1409 2281 
831 0 
1898 252 
0 0 
2486 959 
2371 850 
359 515 
773 294 
234 275 
2353 1061 
90 0 
1330 613 
915 0 
63 14 
2527 203 
517 0 
880 683 
1169 1157 
2350 1711 
229 0 
665 1075 
1093 0 
1991 2850 
395 365 
1919 1548 
214 0 
0 0 
1164 0 
250 427 
2655 649 
847 0 
628 0 
1131 1161 
2198 1996 
721 638 
697 1638 
340 0 
829 1038 
408 0 
2096 927 
1146 263 
2163 479 
38 0 
2359 2131 
360 0 
862 1498 
2062 1302 
147 239 
946 0 
1534 1221 
2023 0 
1000 1108 
1112 1628 
1583 405 
1417 420 
1227 576 
589 274 
337 0 
1979 768 
2361 1316 
1442 1328 
2199 1064 
1328 686 
0 0 
709 505 
319 0 
1463 0 
727 575 
958 1083 
2139 1881 
1936 0 
1470 270 
1457 1397 
270 216 
2547 178 
71 84 
1960 235 
1170 1120 
786 1361 
1811 200 
487 359 
1046 455 
926 565 
0 0 
1435 1459 
75 288 
922 865 
923 960 
1610 1843 
2467 935 
1174 716 
0 18 
359 0 
1043 778 
328 0 
2328 1218 
1825 1040 
1531 88 
1928 1133 
1891 1152 
1069 874 
2013 665 
509 630 
1655 29 
2689 1680 
1718 1310 
1142 741 
427 0 
493 0 
855 1117 
1857 141 
216 7 
1044 660 
1218 501 
550 514 
2291 1821 
114 75 
441 208 
1805 203 
207 112 
1125 378 
415 269 
1147 1304 
2178 1919 
1698 1315 
1817 1323 
253 385 
104 0 
1979 390 
1130 679 
1865 1338 
2498 257 
2263 1562 
479 0 
1250 905 
2023 588 
1032 500 
2069 738 
148 94 
116 0 
2356 624 
351 392 
194 166 
1787 505 
1879 798 
2385 1688 
2701 716 
1118 796 
980 862 
2065 2299 
1166 1146 
2094 1430 
896 621 
73 0 
2415 1093 
540 528 
1259 711 
304 0 
1028 1454 
2321 1004 
877 98 
2684 235 
950 717 
1260 893 
1645 2041 
1535 1046 
86 224 
1309 98 
552 0 
357 634 
592 576 
600 0 
931 0 
1928 1908 
1775 1410 
1796 91 
2227 391 
2079 595 
1857 510 
1221 1084 
83 58 
401 640 
2233 594 
1837 424 
1047 165 
1833 867 
822 64 
1346 876 
236 0 
710 441 
1116 128 
51 0 
2910 385 
0 85 
1703 627 
1799 312 
87 293 
2231 1363 
2017 106 
407 518 
1357 916 
722 0 
1146 1372 
2737 1262 
1964 527 
2050 1901 
1068 886 
627 135 
290 409 
2715 1458 
1348 1627 
2104 2273 
754 773 
1514 779 
1421 976 
251 279 
1280 1143 
731 329 
0 0 
1351 82 
489 137 
793 0 
389 0 
386 0 
586 770 
320 492 
728 437 
284 0 
1352 526 
1594 1205 
693 742 
1188 351 
1381 1258 
2010 1621 
1175 1309 
279 134 
209 359 
1453 1801 
1089 1304 
307 0 
589 0 
976 888 
558 0 
2192 1571 
1564 95 
1879 0 
1082 0 
665 684 
1153 0 
835 0 
1377 0 
1303 2260 
778 142 
306 148 
344 0 
2105 26 
1480 1197 
1022 875 
1858 273 
1732 74 
1434 0 
1447 846 
127 621 
477 1519 
2157 168 
2713 1430 
79 85 
0 99 
626 149 
927 419 
1013 0 
299 238 
1650 992 
2407 273 
2030 1077 
692 0 
642 550 
863 0 
1246 772 
759 212 
1113 0 
164 0 
772 0 
863 614 
789 678 
558 306 
1139 597 
2111 1476 
1483 768 
0 91 
347 0 
750 183 
815 0 
794 1049 
1059 87 
1457 0 
1517 103 
431 496 
187 0 
1283 0 
0 0 
717 491 
1813 1368 
1552 1103 
1354 1154 
1816 1999 
1515 1762 
982 963 
852 882 
795 92 
0 98 
1315 1074 
1356 282 
1905 154 
805 197 
524 979 
318 474 
1237 94 
200 0 
470 0 
1472 921 
2448 1176 
177 84 
1437 606 
0 0 
81 0 
334 620 
2557 296 
879 192 
0 0 
1262 908 
881 394 
0 15 
1032 495 
2200 662 
2499 82 
1894 454 
1839 1048 
1238 0 
668 311 
1015 500 
1720 114 
410 642 
2188 1748 
1979 148 
625 826 
830 96 
2589 908 
1687 937 
591 281 
742 394 
40 96 
746 136 
830 463 
1862 1374 
736 593 
678 97 
996 568 
598 0 
2097 1219 
1859 1252 
242 171 
127 212 
2069 1382 
199 280 
1495 1131 
725 0 
1800 314 
277 377 
764 755 
1553 1043 
2077 1345 
498 463 
1269 246 
1536 0 
215 36 
210 75 
299 194 
1071 875 
623 474 
889 0 
134 382 
752 660 
574 695 
409 137 
106 230 
832 239 
2220 824 
172 364 
716 663 
1523 1341 
2228 245 
2625 1521 
0 0 
275 252 
155 387 
376 754 
1532 1183 
643 617 
1711 477 
1555 972 
457 701 
2018 1487 
493 1027 
1516 868 
1839 1243 
2309 1606 
450 466 
216 0 
145 418 
1197 1164 
2397 835 
521 0 
176 144 
2127 821 
1997 546 
795 144 
1563 724 
0 0 
113 37 
1828 158 
1246 529 
2260 70 
1252 0 
1353 1533 
2036 91 
1002 490 
2462 283 
1705 572 
1053 287 
1072 601 
226 453 
498 0 
711 392 
835 1479 
1810 529 
1755 0 
1639 733 
445 569 
2055 1796 
790 559 
1070 1184 
2420 1837 
200 223 
2399 1059 
2014 229 
2007 1197 
1192 1225 
1100 1218 
1376 1134 
681 312 
2029 982 
685 933 
787 0 
76 147 
918 754 
1241 1175 
501 1034 
2760 398 
65 70 
73 22 
926 839 
1924 1681 
0 0 
1267 0 
1631 387 
429 192 
1552 2638 
590 542 
237 261 
503 218 
458 649 
1513 101 
1371 432 
2449 1083 
1100 0 
880 207 
178 228 
1326 175 
78 0 
241 114 
581 255 
1465 797 
1185 867 
530 0 
1695 1232 
1655 420 
242 87 
2452 957 
2443 1678 
447 777 
2409 730 
420 253 
76 253 
1117 887 
487 208 
111 262 
1784 259 
2044 1545 
501 479 
1263 1424 
546 0 
1361 1604 
2647 1372 
572 567 
2669 231 
513 629 
0 0 
246 381 
407 227 
650 457 
2273 1832 
178 178 
1895 1210 
742 1392 
1690 876 
139 99 
591 713 
72 190 
975 0 
2144 1211 
178 140 
1468 1628 
1453 0 
987 347 
1317 2012 
0 101 
603 474 
129 371 
1971 1147 
465 0 
886 494 
1925 1135 
307 218 
1147 722 
1621 0 
909 1374 
660 190 
2388 1171 
1441 1098 
1879 1917 
1052 1400 
1105 807 
249 0 
2622 1353 
1643 579 
2576 1300 
162 0 
391 225 
1818 1135 
2817 951 
1887 270 
1056 0 
213 197 
262 358 
1639 72 
1602 677 
1120 484 
427 652 
1839 295 
199 0 
1735 149 
1832 579 
1918 23 
279 196 
1981 2528 
289 196 
571 0 
2138 1179 
130 466 
1587 1342 
370 174 
2109 293 
729 386 
1284 1461 
1898 942 
1823 1425 
331 456 
1332 108 
1683 1364 
498 96 
80 31 
480 623 
2015 465 
484 308 
320 449 
1019 1234 
1506 1173 
1144 159 
1790 539 
1516 931 
1209 1169 
1472 1427 
263 49 
49 228 
134 175 
2258 298 
553 0 
1645 801 
546 747 
215 0 
1874 1500 
113 179 
1085 621 
973 0 
227 0 
962 820 
2251 14 
155 91 
863 1081 
1789 531 
980 0 
775 634 
1372 868 
1240 889 
1763 0 
314 207 
158 225 
1270 1703 
848 218 
665 755 
958 1329 
1122 0 
1178 1122 
891 0 
1268 561 
1114 701 
914 0 
775 0 
869 1040 
1633 1273 
881 1503 
1902 1086 
40 0 
1251 1310 
630 486 
381 1164 
1292 1400 
1064 178 
418 0 
521 0 
1156 780 
2537 1449 
811 97 
1439 161 
95 0 
636 0 
440 264 
1508 1129 
44 0 
925 409 
86 153 
2111 605 
1140 923 
1524 1373 
542 959 
1382 633 
13 0 
1592 1519 
1494 0 
1974 1490 
1316 1237 
673 0 
1939 1619 
716 0 
0 56 
1332 617 
1800 291 
941 0 
2843 560 
528 0 
1339 0 
983 0 
2012 1549 
592 1139 
1933 1293 
2126 1153 
1335 910 
68 88 
0 62 
2012 562 
2187 1597 
334 241 
2017 1150 
2294 882 
2299 655 
170 697 
206 0 
2044 82 
1509 0 
752 354 
1442 1006 
584 125 
1828 890 
340 167 
895 1360 
469 0 
50 0 
450 696 
2138 1586 
223 484 
1365 709 
631 405 
727 731 
2076 911 
0 0 
850 0 
2417 231 
2491 362 
646 421 
1484 277 
253 290 
818 643 
260 225 
1789 1649 
1505 1229 
126 0 
2132 1014 
2764 1113 
2119 1345 
1277 999 
1578 1382 
761 716 
650 1692 
1099 0 
1820 694 
0 51 
96 14 
250 303 
2429 1167 
2184 1567 
2289 297 
2043 1796 
1595 1166 
723 469 
1149 1368 
582 885 
192 5 
287 231 
0 68 
1315 871 
1962 1475 
1680 1837 
448 135 
183 563 
1442 1621 
525 0 
1947 1359 
871 438 
1449 769 
0 0 
445 603 
1179 84 
1392 326 
1322 769 
2161 1029 
1764 1111 
743 437 
985 0 
94 0 
548 534 
1555 1540 
833 759 
741 450 
547 728 
1400 796 
2270 553 
954 1893 
1230 1445 
1010 94 
1555 792 
1074 1196 
349 271 
1903 538 
471 0 
1352 0 
1605 1199 
1591 1907 
1428 0 
2241 577 
0 100 
372 465 
1614 1053 
1481 219 
1492 242 
1962 272 
462 324 
810 945 
1592 1069 
249 326 
1110 1392 
2089 1561 
1813 95 
1339 207 
1532 1785 
1782 438 
2084 1862 
1065 805 
1020 273 
2131 361 
1123 533 
2673 1700 
1854 1596 
167 84 
849 442 
577 382 
973 76 
492 445 
232 0 
159 0 
2062 1275 
1871 1804 
2342 608 
2482 1133 
280 78 
321 0 
952 1385 
1173 1185 
45 12 
1725 1422 
318 634 
1091 994 
1587 502 
1928 1184 
351 524 
1060 723 
224 0 
2327 1909 
1239 1239 
1778 1665 
1057 327 
1901 1527 
740 528 
681 470 
1504 0 
1674 65 
1193 410 
393 263 
313 145 
1053 270 
2007 492 
1502 1905 
77 380 
303 187 
2091 1262 
1057 1232 
1733 0 
1391 1420 
867 831 
1186 1493 
226 146 
0 129 
1809 1845 
1089 831 
1924 1383 
333 740 
855 1252 
79 68 
1075 0 
447 0 
766 335 
1434 965 
486 616 
2167 2254 
1447 1196 
673 370 
2136 366 
0 0 
235 569 
2456 552 
673 944 
1952 316 
670 644 
2735 504 
973 1171 
1525 826 
424 679 
867 711 
68 82 
2054 1308 
2312 1464 
2771 1728 
330 351 
1764 760 
1640 1333 
2064 504 
1315 902 
1719 902 
658 375 
2367 472 
1198 1547 
732 0 
1491 98 
1487 1183 
1738 924 
2061 555 
848 756 
1712 690 
1059 470 
1314 694 
128 232 
550 0 
2869 828 
1235 1569 
1497 1397 
1401 455 
1054 1056 
1493 1771 
1418 681 
112 0 
361 0 
2093 963 
745 778 
1838 314 
1598 1819 
1103 789 
0 0 
581 678 
495 960 
1220 1691 
1772 164 
369 361 
2135 1726 
1863 986 
2094 81 
1528 567 
1383 1680 
328 279 
240 161 
1692 617 
216 5 
387 0 
1127 177 
797 0 
1360 0 
2291 202 
118 0 
1555 0 
62 0 
1203 1651 
1706 437 
748 790 
1475 1529 
311 151 
0 9 
1890 207 
568 738 
39 0 
1479 994 
485 244 
2033 1660 
1217 1282 
78 235 
1054 614 
34 65 
1255 1372 
0 0 
485 0 
796 748 
720 0 
1402 1279 
600 392 
846 0 
413 224 
1023 0 
0 0 
614 237 
1779 486 
293 0 
832 677 
114 236 
1195 287 
2325 1405 
1701 2151 
1008 1008 
2225 1811 
1741 457 
2206 1565 
2337 1818 
1199 0 
495 428 
457 51 
601 747 
1328 296 
2529 1255 
999 0 
99 251 
35 0 
1517 732 
1099 0 
1714 780 
76 0 
1353 387 
1064 1362 
2072 418 
321 149 
659 0 
1261 822 
